trial	copf	ropf	ccc	rcc	eta	csjc	rsjc	eps
0	567.073	0.0170978	567.073	0.017097	0.5	565.215	0.0100981	0.011
1	567.073	0.0170978	567.073	0.017097	0.4996	565.215	0.0100981	0.0109933
2	567.073	0.0170978	567.087	0.0171038	0.499199	565.215	0.0100981	0.0109866
3	567.073	0.0170978	567.094	0.0171071	0.498799	565.215	0.0100981	0.0109799
4	567.073	0.0170978	567.101	0.0171105	0.498398	565.215	0.0100981	0.0109732
5	567.073	0.0170978	567.108	0.0171139	0.497998	565.215	0.0100981	0.0109665
6	567.073	0.0170978	567.115	0.0171174	0.497598	565.215	0.0100981	0.0109598
7	567.073	0.0170978	567.122	0.0171208	0.497197	565.215	0.0100981	0.0109531
8	567.073	0.0170978	567.129	0.0171242	0.496797	565.215	0.0100981	0.0109463
9	567.073	0.0170978	567.136	0.0171277	0.496396	565.215	0.0100981	0.0109396
10	567.073	0.0170978	567.143	0.0171311	0.495996	565.215	0.0100981	0.0109329
11	567.073	0.0170978	567.15	0.0171346	0.495596	565.215	0.0100981	0.0109262
12	567.073	0.0170978	567.157	0.0171381	0.495195	565.215	0.0100981	0.0109195
13	567.073	0.0170978	567.164	0.0171416	0.494795	565.215	0.0100981	0.0109128
14	567.073	0.0170978	567.171	0.0171451	0.494394	565.215	0.0100981	0.0109061
15	567.073	0.0170978	567.178	0.0171486	0.493994	565.215	0.0100981	0.0108994
16	567.073	0.0170978	567.186	0.0171521	0.493594	565.215	0.0100981	0.0108927
17	567.073	0.0170978	567.193	0.0171557	0.493193	565.215	0.0100981	0.010886
18	567.073	0.0170978	567.2	0.0171592	0.492793	565.215	0.0100981	0.0108793
19	567.073	0.0170978	567.207	0.0171628	0.492392	565.215	0.0100981	0.0108726
20	567.073	0.0170978	567.214	0.0171664	0.491992	565.215	0.0100981	0.0108659
21	567.073	0.0170978	567.221	0.01717	0.491592	565.215	0.0100981	0.0108592
22	567.073	0.0170978	567.229	0.0171736	0.491191	565.215	0.0100981	0.0108525
23	567.073	0.0170978	567.236	0.0171772	0.490791	565.215	0.0100981	0.0108457
24	567.073	0.0170978	567.243	0.0171808	0.49039	565.215	0.0100981	0.010839
25	567.073	0.0170978	567.25	0.0171824	0.48999	565.215	0.0100981	0.0108323
26	567.073	0.0170978	567.258	0.0171859	0.48959	565.215	0.0100981	0.0108256
27	567.073	0.0170978	567.265	0.0171894	0.489189	565.215	0.0100981	0.0108189
28	567.073	0.0170978	567.272	0.0171929	0.488789	565.215	0.0100981	0.0108122
29	567.073	0.0170978	567.28	0.0171964	0.488388	565.215	0.0100981	0.0108055
30	567.073	0.0170978	567.287	0.0171999	0.487988	565.215	0.0100981	0.0107988
31	567.073	0.0170978	567.294	0.0172035	0.487588	565.215	0.0100981	0.0107921
32	567.073	0.0170978	567.302	0.017207	0.487187	565.215	0.0100981	0.0107854
33	567.073	0.0170978	567.309	0.0172106	0.486787	565.215	0.0100981	0.0107787
34	567.073	0.0170978	567.316	0.0172142	0.486386	565.215	0.0100981	0.010772
35	567.073	0.0170978	567.324	0.0172177	0.485986	565.215	0.0100981	0.0107653
36	567.073	0.0170978	567.332	0.0172186	0.485586	565.215	0.0100981	0.0107586
37	567.073	0.0170978	567.339	0.0172221	0.485185	565.215	0.0100981	0.0107519
38	567.073	0.0170978	567.346	0.0172262	0.484785	565.215	0.0100981	0.0107451
39	567.073	0.0170978	567.354	0.0172297	0.484384	565.215	0.0100981	0.0107384
40	567.073	0.0170978	567.361	0.0172332	0.483984	565.215	0.0100981	0.0107317
41	567.073	0.0170978	567.369	0.0172367	0.483584	565.215	0.0100981	0.010725
42	567.073	0.0170978	567.376	0.0172402	0.483183	565.215	0.0100981	0.0107183
43	567.073	0.0170978	567.384	0.0172438	0.482783	565.215	0.0100981	0.0107116
44	567.073	0.0170978	567.392	0.0172473	0.482382	565.215	0.0100981	0.0107049
45	567.073	0.0170978	567.399	0.0172509	0.481982	565.215	0.0100981	0.0106982
46	567.073	0.0170978	567.407	0.0172544	0.481582	565.215	0.0100981	0.0106915
47	567.073	0.0170978	567.414	0.017258	0.481181	565.215	0.0100981	0.0106848
48	567.073	0.0170978	567.422	0.0172616	0.480781	565.215	0.0100981	0.0106781
49	567.073	0.0170978	567.429	0.0172651	0.48038	565.215	0.0100981	0.0106714
50	567.073	0.0170978	567.438	0.0172677	0.47998	565.215	0.0100981	0.0106647
51	567.073	0.0170978	567.445	0.0172707	0.47958	565.215	0.0100981	0.010658
52	567.073	0.0170978	567.453	0.0172737	0.479179	565.215	0.0100981	0.0106513
53	567.073	0.0170978	567.461	0.0172767	0.478779	565.215	0.0100981	0.0106445
54	567.073	0.0170978	567.468	0.0172796	0.478378	565.215	0.0100981	0.0106378
55	567.073	0.0170978	567.476	0.0172824	0.477978	565.215	0.0100981	0.0106311
56	567.073	0.0170978	567.484	0.0172854	0.477578	565.215	0.0100981	0.0106244
57	567.073	0.0170978	567.492	0.0172887	0.477177	565.215	0.0100981	0.0106177
58	567.073	0.0170978	567.5	0.0172921	0.476777	565.215	0.0100981	0.010611
59	567.073	0.0170978	567.507	0.0172955	0.476376	565.215	0.0100981	0.0106043
60	567.073	0.0170978	567.515	0.017299	0.475976	565.215	0.0100981	0.0105976
61	567.073	0.0170978	567.523	0.0173024	0.475576	565.215	0.0100981	0.0105909
62	567.073	0.0170978	567.531	0.0173061	0.475175	565.215	0.0100981	0.0105842
63	567.073	0.0170978	567.539	0.0173095	0.474775	565.215	0.0100981	0.0105775
64	567.073	0.0170978	567.546	0.0173129	0.474374	565.215	0.0100981	0.0105708
65	567.073	0.0170978	567.554	0.0173164	0.473974	565.215	0.0100981	0.0105641
66	567.073	0.0170978	567.562	0.0173198	0.473574	565.215	0.0100981	0.0105574
67	567.073	0.0170978	567.57	0.0173233	0.473173	565.215	0.0100981	0.0105507
68	567.073	0.0170978	567.578	0.0173267	0.472773	565.215	0.0100981	0.0105439
69	567.073	0.0170978	567.586	0.0173301	0.472372	565.215	0.0100981	0.0105372
70	567.073	0.0170978	567.594	0.0173336	0.471972	565.215	0.0100981	0.0105305
71	567.073	0.0170978	567.602	0.017337	0.471572	565.215	0.0100981	0.0105238
72	567.073	0.0170978	567.61	0.0173429	0.471171	565.215	0.0100981	0.0105171
73	567.073	0.0170978	567.618	0.0173464	0.470771	565.215	0.0100981	0.0105104
74	567.073	0.0170978	567.626	0.0173499	0.47037	565.215	0.0100981	0.0105037
75	567.073	0.0170978	567.635	0.0173534	0.46997	565.215	0.0100981	0.010497
76	567.073	0.0170978	567.643	0.0173569	0.46957	565.215	0.0100981	0.0104903
77	567.073	0.0170978	567.651	0.0173605	0.469169	565.215	0.0100981	0.0104836
78	567.073	0.0170978	567.659	0.017364	0.468769	565.215	0.0100981	0.0104769
79	567.073	0.0170978	567.667	0.0173674	0.468368	565.215	0.0100981	0.0104702
80	567.073	0.0170978	567.675	0.0173708	0.467968	565.215	0.0100981	0.0104635
81	567.073	0.0170978	567.683	0.0173743	0.467568	565.215	0.0100981	0.0104568
82	567.073	0.0170978	567.691	0.0173777	0.467167	565.215	0.0100981	0.0104501
83	567.073	0.0170978	567.7	0.0173812	0.466767	565.215	0.0100981	0.0104433
84	567.073	0.0170978	567.708	0.0173846	0.466366	565.215	0.0100981	0.0104366
85	567.073	0.0170978	567.716	0.0173881	0.465966	565.215	0.0100981	0.0104299
86	567.073	0.0170978	567.724	0.0173915	0.465566	565.215	0.0100981	0.0104232
87	567.073	0.0170978	567.733	0.017395	0.465165	565.215	0.0100981	0.0104165
88	567.073	0.0170978	567.741	0.0173985	0.464765	565.215	0.0100981	0.0104098
89	567.073	0.0170978	567.749	0.0174011	0.464364	565.215	0.0100981	0.0104031
90	567.073	0.0170978	567.757	0.0174045	0.463964	565.215	0.0100981	0.0103964
91	567.073	0.0170978	567.766	0.0174078	0.463564	565.215	0.0100981	0.0103897
92	567.073	0.0170978	567.774	0.0174112	0.463163	565.215	0.0100981	0.010383
93	567.073	0.0170978	567.782	0.0174146	0.462763	565.215	0.0100981	0.0103763
94	567.073	0.0170978	567.791	0.017418	0.462362	565.215	0.0100981	0.0103696
95	567.073	0.0170978	567.799	0.0174214	0.461962	565.215	0.0100981	0.0103629
96	567.073	0.0170978	567.808	0.0174249	0.461562	565.215	0.0100981	0.0103562
97	567.073	0.0170978	567.816	0.0174283	0.461161	565.215	0.0100981	0.0103494
98	567.073	0.0170978	567.824	0.0174317	0.460761	565.215	0.0100981	0.0103427
99	567.073	0.0170978	567.833	0.0174352	0.46036	565.215	0.0100981	0.010336
100	567.073	0.0170978	567.841	0.0174386	0.45996	565.215	0.0100981	0.0103293
101	567.073	0.0170978	567.85	0.017442	0.45956	565.215	0.0100981	0.0103226
102	567.073	0.0170978	567.858	0.0174454	0.459159	565.215	0.0100981	0.0103159
103	567.073	0.0170978	567.867	0.0174488	0.458759	565.215	0.0100981	0.0103092
104	567.073	0.0170978	567.875	0.0174521	0.458358	565.215	0.0100981	0.0103025
105	567.073	0.0170978	567.884	0.0174554	0.457958	565.215	0.0100981	0.0102958
106	567.073	0.0170978	567.892	0.0174588	0.457558	565.215	0.0100981	0.0102891
107	567.073	0.0170978	567.901	0.0174622	0.457157	565.215	0.0100981	0.0102824
108	567.073	0.0170978	567.91	0.0174656	0.456757	565.215	0.0100981	0.0102757
109	567.073	0.0170978	567.918	0.0174689	0.456356	565.215	0.0100981	0.010269
110	567.073	0.0170978	567.927	0.0174725	0.455956	565.215	0.0100981	0.0102623
111	567.073	0.0170978	567.935	0.0174761	0.455556	565.215	0.0100981	0.0102556
112	567.073	0.0170978	567.944	0.01748	0.455155	565.215	0.0100981	0.0102488
113	567.073	0.0170978	567.953	0.0174839	0.454755	565.215	0.0100981	0.0102421
114	567.073	0.0170978	567.961	0.0174878	0.454354	565.215	0.0100981	0.0102354
115	567.073	0.0170978	567.97	0.0174916	0.453954	565.215	0.0100981	0.0102287
116	567.073	0.0170978	567.979	0.0174953	0.453554	565.215	0.0100981	0.010222
117	567.073	0.0170978	567.988	0.017499	0.453153	565.215	0.0100981	0.0102153
118	567.073	0.0170978	567.996	0.0175028	0.452753	565.215	0.0100981	0.0102086
119	567.073	0.0170978	568.005	0.0175067	0.452352	565.215	0.0100981	0.0102019
120	567.073	0.0170978	568.014	0.0175108	0.451952	565.215	0.0100981	0.0101952
121	567.073	0.0170978	568.023	0.0175149	0.451552	565.215	0.0100981	0.0101885
122	567.073	0.0170978	568.031	0.0175187	0.451151	565.215	0.0100981	0.0101818
123	567.073	0.0170978	568.04	0.0175222	0.450751	565.215	0.0100981	0.0101751
124	567.073	0.0170978	568.049	0.0175257	0.45035	565.215	0.0100981	0.0101684
125	567.073	0.0170978	568.058	0.0175297	0.44995	565.215	0.0100981	0.0101617
126	567.073	0.0170978	568.067	0.0175334	0.44955	565.215	0.0100981	0.010155
127	567.073	0.0170978	568.076	0.0175371	0.449149	565.215	0.0100981	0.0101482
128	567.073	0.0170978	568.085	0.0175408	0.448749	565.215	0.0100981	0.0101415
129	567.073	0.0170978	568.094	0.0175446	0.448348	565.215	0.0100981	0.0101348
130	567.073	0.0170978	568.103	0.0175486	0.447948	565.215	0.0100981	0.0101281
131	567.073	0.0170978	568.112	0.0175527	0.447548	565.215	0.0100981	0.0101214
132	567.073	0.0170978	568.121	0.0175569	0.447147	565.215	0.0100981	0.0101147
133	567.073	0.0170978	568.13	0.017561	0.446747	565.215	0.0100981	0.010108
134	567.073	0.0170978	568.139	0.0175652	0.446346	565.215	0.0100981	0.0101013
135	567.073	0.0170978	568.148	0.0175694	0.445946	565.215	0.0100981	0.0100946
136	567.073	0.0170978	568.157	0.0175736	0.445546	565.215	0.0100981	0.0100879
137	567.073	0.0170978	568.166	0.0175778	0.445145	565.215	0.0100981	0.0100812
138	567.073	0.0170978	568.175	0.0175815	0.444745	565.215	0.0100981	0.0100745
139	567.073	0.0170978	568.184	0.0175852	0.444344	565.215	0.0100981	0.0100678
140	567.073	0.0170978	568.193	0.0175888	0.443944	565.215	0.0100981	0.0100611
141	567.073	0.0170978	568.202	0.0175925	0.443544	565.215	0.0100981	0.0100544
142	567.073	0.0170978	568.212	0.0175961	0.443143	565.215	0.0100981	0.0100476
143	567.073	0.0170978	568.221	0.0175997	0.442743	565.215	0.0100981	0.0100409
144	567.073	0.0170978	568.23	0.0176032	0.442342	565.215	0.0100981	0.0100342
145	567.073	0.0170978	568.239	0.0176068	0.441942	565.215	0.0100981	0.0100275
146	567.073	0.0170978	568.248	0.0176109	0.441542	565.215	0.0100981	0.0100208
147	567.073	0.0170978	568.258	0.0176152	0.441141	565.215	0.0100981	0.0100141
148	567.073	0.0170978	568.267	0.0176196	0.440741	565.215	0.0100981	0.0100074
149	567.073	0.0170978	568.276	0.0176235	0.44034	565.215	0.0100981	0.0100007
150	567.073	0.0170978	568.286	0.0176271	0.43994	565.215	0.00999419	0.00999399
151	567.073	0.0170978	568.295	0.0176308	0.43954	565.215	0.00998748	0.00998729
152	567.073	0.0170978	568.304	0.0176344	0.439139	565.215	0.00998078	0.00998058
153	567.073	0.0170978	568.314	0.0176382	0.438739	565.215	0.00997407	0.00997387
154	567.073	0.0170978	568.323	0.0176424	0.438338	565.215	0.00996736	0.00996717
155	567.073	0.0170978	568.332	0.0176468	0.437938	565.215	0.00996066	0.00996046
156	567.073	0.0170978	568.342	0.0176512	0.437538	565.215	0.00995395	0.00995375
157	567.073	0.0170978	568.351	0.0176557	0.437137	565.215	0.00994724	0.00994705
158	567.073	0.0170978	568.361	0.0176602	0.436737	565.215	0.00994054	0.00994034
159	567.073	0.0170978	568.37	0.0176646	0.436336	565.215	0.00993383	0.00993363
160	567.073	0.0170978	568.38	0.0176679	0.435936	565.215	0.00992713	0.00992693
161	567.073	0.0170978	568.389	0.0176712	0.435536	565.215	0.00992042	0.00992022
162	567.073	0.0170978	568.399	0.0176745	0.435135	565.215	0.00991372	0.00991351
163	567.073	0.0170978	568.408	0.0176778	0.434735	565.215	0.00990701	0.00990681
164	567.073	0.0170978	568.418	0.0176814	0.434334	565.215	0.0099003	0.0099001
165	567.073	0.0170978	568.427	0.0176863	0.433934	565.215	0.0098936	0.00989339
166	567.073	0.0170978	568.437	0.0176914	0.433534	565.215	0.00988689	0.00988669
167	567.073	0.0170978	568.447	0.0176955	0.433133	565.215	0.00988019	0.00987998
168	567.073	0.0170978	568.456	0.0176989	0.432733	565.215	0.00987348	0.00987327
169	567.073	0.0170978	568.466	0.0177023	0.432332	565.215	0.00986678	0.00986657
170	567.073	0.0170978	568.476	0.0177056	0.431932	565.215	0.00986007	0.00985986
171	567.073	0.0170978	568.485	0.0177092	0.431532	565.215	0.00985337	0.00985315
172	567.073	0.0170978	568.495	0.0177132	0.431131	565.215	0.00984666	0.00984645
173	567.073	0.0170978	568.505	0.0177171	0.430731	565.215	0.00983996	0.00983974
174	567.073	0.0170978	568.514	0.0177214	0.43033	565.215	0.00983325	0.00983303
175	567.073	0.0170978	568.524	0.0177257	0.42993	565.215	0.00982655	0.00982633
176	567.073	0.0170978	568.534	0.0177301	0.42953	565.215	0.00981984	0.00981962
177	567.073	0.0170978	568.544	0.0177345	0.429129	565.215	0.00981314	0.00981291
178	567.073	0.0170978	568.554	0.017739	0.428729	565.215	0.00980643	0.00980621
179	567.073	0.0170978	568.563	0.0177421	0.428328	565.215	0.00979973	0.0097995
180	567.073	0.0170978	568.573	0.0177448	0.427928	565.215	0.00979302	0.00979279
181	567.073	0.0170978	568.583	0.0177492	0.427528	565.215	0.00978632	0.00978609
182	567.073	0.0170978	568.593	0.0177546	0.427127	565.215	0.00977962	0.00977938
183	567.073	0.0170978	568.603	0.0177598	0.426727	565.215	0.00977291	0.00977267
184	567.073	0.0170978	568.613	0.0177611	0.426326	565.215	0.00976621	0.00976597
185	567.073	0.0170978	568.623	0.0177665	0.425926	565.215	0.0097595	0.00975926
186	567.073	0.0170978	568.633	0.0177697	0.425526	565.215	0.0097528	0.00975255
187	567.073	0.0170978	568.643	0.0177733	0.425125	565.215	0.0097461	0.00974585
188	567.073	0.0170978	568.653	0.0177778	0.424725	565.215	0.00973939	0.00973914
189	567.073	0.0170978	568.663	0.0177843	0.424324	565.215	0.00973269	0.00973243
190	567.073	0.0170978	568.673	0.0177889	0.423924	565.215	0.00972599	0.00972573
191	567.073	0.0170978	568.683	0.0177927	0.423524	565.215	0.00971928	0.00971902
192	567.073	0.0170978	568.693	0.0177969	0.423123	565.215	0.00971258	0.00971231
193	567.073	0.0170978	568.704	0.0178004	0.422723	565.215	0.00970588	0.00970561
194	567.073	0.0170978	568.714	0.0178049	0.422322	565.215	0.00969917	0.0096989
195	567.073	0.0170978	568.724	0.0178086	0.421922	565.215	0.00969247	0.00969219
196	567.073	0.0170978	568.734	0.0178118	0.421522	565.216	0.00968577	0.00968549
197	567.073	0.0170978	568.744	0.0178169	0.421121	565.216	0.00967907	0.00967878
198	567.073	0.0170978	568.754	0.0178201	0.420721	565.216	0.00967236	0.00967207
199	567.073	0.0170978	568.764	0.0178247	0.42032	565.216	0.00966566	0.00966537
200	567.073	0.0170978	568.775	0.0178285	0.41992	565.216	0.00965896	0.00965866
201	567.073	0.0170978	568.785	0.0178325	0.41952	565.216	0.00965226	0.00965195
202	567.073	0.0170978	568.795	0.0178364	0.419119	565.216	0.00964556	0.00964525
203	567.073	0.0170978	568.805	0.01784	0.418719	565.216	0.00963885	0.00963854
204	567.073	0.0170978	568.816	0.0178442	0.418318	565.216	0.00963215	0.00963183
205	567.073	0.0170978	568.826	0.0178488	0.417918	565.216	0.00962545	0.00962513
206	567.073	0.0170978	568.836	0.0178526	0.417518	565.216	0.00961875	0.00961842
207	567.073	0.0170978	568.847	0.0178557	0.417117	565.216	0.00961205	0.00961171
208	567.073	0.0170978	568.857	0.0178604	0.416717	565.216	0.00960535	0.00960501
209	567.073	0.0170978	568.868	0.0178646	0.416316	565.216	0.00959865	0.0095983
210	567.073	0.0170978	568.878	0.0178685	0.415916	565.216	0.00959195	0.00959159
211	567.073	0.0170978	568.888	0.0178726	0.415516	565.216	0.00958525	0.00958488
212	567.073	0.0170978	568.899	0.0178757	0.415115	565.216	0.00957855	0.00957818
213	567.073	0.0170978	568.909	0.0178805	0.414715	565.216	0.00957185	0.00957147
214	567.073	0.0170978	568.92	0.0178855	0.414314	565.216	0.00956515	0.00956476
215	567.073	0.0170978	568.93	0.0178882	0.413914	565.216	0.00955845	0.00955806
216	567.073	0.0170978	568.941	0.0178923	0.413514	565.216	0.00955175	0.00955135
217	567.073	0.0170978	568.951	0.0178961	0.413113	565.216	0.00954505	0.00954464
218	567.073	0.0170978	568.962	0.0178996	0.412713	565.216	0.00953835	0.00953794
219	567.073	0.0170978	568.973	0.0179037	0.412312	565.216	0.00953165	0.00953123
220	567.073	0.0170978	568.983	0.0179087	0.411912	565.216	0.00952495	0.00952452
221	567.073	0.0170978	568.994	0.0179121	0.411512	565.216	0.00951826	0.00951782
222	567.073	0.0170978	569.004	0.0179149	0.411111	565.216	0.00951156	0.00951111
223	567.073	0.0170978	569.015	0.0179194	0.410711	565.217	0.00950486	0.0095044
224	567.073	0.0170978	569.026	0.0179239	0.41031	565.217	0.00949816	0.0094977
225	567.073	0.0170978	569.037	0.0179285	0.40991	565.217	0.00949147	0.00949099
226	567.073	0.0170978	569.047	0.017933	0.40951	565.217	0.00948477	0.00948428
227	567.073	0.0170978	569.058	0.0179376	0.409109	565.217	0.00947807	0.00947758
228	567.073	0.0170978	569.069	0.0179409	0.408709	565.217	0.00947138	0.00947087
229	567.073	0.0170978	569.08	0.0179433	0.408308	565.217	0.00946468	0.00946416
230	567.073	0.0170978	569.09	0.0179481	0.407908	565.217	0.00945799	0.00945746
231	567.073	0.0170978	569.101	0.0179515	0.407508	565.217	0.00945129	0.00945075
232	567.073	0.0170978	569.112	0.0179555	0.407107	565.217	0.00944459	0.00944404
233	567.073	0.0170978	569.123	0.01796	0.406707	565.217	0.0094379	0.00943734
234	567.073	0.0170978	569.134	0.0179645	0.406306	565.217	0.00943121	0.00943063
235	567.073	0.0170978	569.145	0.017969	0.405906	565.217	0.00942451	0.00942392
236	567.073	0.0170978	569.156	0.0179735	0.405506	565.217	0.00941782	0.00941722
237	567.073	0.0170978	569.167	0.017978	0.405105	565.217	0.00941112	0.00941051
238	567.073	0.0170978	569.177	0.0179812	0.404705	565.217	0.00940443	0.0094038
239	567.073	0.0170978	569.188	0.0179836	0.404304	565.217	0.00939774	0.0093971
240	567.073	0.0170978	569.199	0.0179859	0.403904	565.217	0.00939105	0.00939039
241	567.073	0.0170978	569.21	0.01799	0.403504	565.217	0.00938435	0.00938368
242	567.073	0.0170978	569.221	0.0179945	0.403103	565.217	0.00937766	0.00937698
243	567.073	0.0170978	569.233	0.0179989	0.402703	565.217	0.00937097	0.00937027
244	567.073	0.0170978	569.244	0.0180034	0.402302	565.218	0.00936428	0.00936356
245	567.073	0.0170978	569.255	0.0180078	0.401902	565.218	0.00935759	0.00935686
246	567.073	0.0170978	569.266	0.0180123	0.401502	565.218	0.0093509	0.00935015
247	567.073	0.0170978	569.277	0.0180167	0.401101	565.218	0.00934421	0.00934344
248	567.073	0.0170978	569.288	0.0180211	0.400701	565.218	0.00933752	0.00933674
249	567.073	0.0170978	569.299	0.0180256	0.4003	565.218	0.00933083	0.00933003
250	567.073	0.0170978	569.311	0.01803	0.3999	565.218	0.00932414	0.00932332
251	567.073	0.0170978	569.322	0.0180339	0.399499	565.218	0.00931745	0.00931662
252	567.073	0.0170978	569.333	0.0180377	0.399099	565.218	0.00931077	0.00930991
253	567.073	0.0170978	569.344	0.0180416	0.398699	565.218	0.00930408	0.0093032
254	567.073	0.0170978	569.356	0.0180449	0.398298	565.218	0.00929739	0.0092965
255	567.073	0.0170978	569.367	0.0180493	0.397898	565.218	0.00929071	0.00928979
256	567.073	0.0170978	569.378	0.0180536	0.397497	565.218	0.00928402	0.00928308
257	567.073	0.0170978	569.389	0.0180576	0.397097	565.218	0.00927733	0.00927638
258	567.073	0.0170978	569.401	0.0180617	0.396697	565.218	0.00927065	0.00926967
259	567.073	0.0170978	569.412	0.0180657	0.396296	565.218	0.00926397	0.00926296
260	567.073	0.0170978	569.424	0.0180698	0.395896	565.218	0.00925728	0.00925626
261	567.073	0.0170978	569.435	0.0180739	0.395495	565.219	0.0092506	0.00924955
262	567.073	0.0170978	569.446	0.0180779	0.395095	565.219	0.00924392	0.00924284
263	567.073	0.0170978	569.458	0.018082	0.394695	565.219	0.00923724	0.00923614
264	567.073	0.0170978	569.469	0.0180861	0.394294	565.219	0.00923055	0.00922943
265	567.073	0.0170978	569.481	0.0180901	0.393894	565.219	0.00922387	0.00922272
266	567.073	0.0170978	569.492	0.0180942	0.393493	565.219	0.00921719	0.00921602
267	567.073	0.0170978	569.504	0.0180983	0.393093	565.219	0.00921051	0.00920931
268	567.073	0.0170978	569.516	0.0181024	0.392693	565.219	0.00920383	0.0092026
269	567.073	0.0170978	569.527	0.0181065	0.392292	565.219	0.00919716	0.0091959
270	567.073	0.0170978	569.539	0.0181105	0.391892	565.219	0.00919048	0.00918919
271	567.073	0.0170978	569.55	0.0181144	0.391491	565.219	0.0091838	0.00918248
272	567.073	0.0170978	569.562	0.0181184	0.391091	565.219	0.00917713	0.00917578
273	567.073	0.0170978	569.574	0.0181223	0.390691	565.219	0.00917045	0.00916907
274	567.073	0.0170978	569.585	0.0181262	0.39029	565.219	0.00916378	0.00916236
275	567.073	0.0170978	569.597	0.0181302	0.38989	565.219	0.0091571	0.00915566
276	567.073	0.0170978	569.609	0.0181341	0.389489	565.22	0.00915043	0.00914895
277	567.073	0.0170978	569.62	0.0181381	0.389089	565.22	0.00914375	0.00914224
278	567.073	0.0170978	569.632	0.018142	0.388689	565.22	0.00913708	0.00913554
279	567.073	0.0170978	569.644	0.018146	0.388288	565.22	0.00913041	0.00912883
280	567.073	0.0170978	569.656	0.0181499	0.387888	565.22	0.00912374	0.00912212
281	567.073	0.0170978	569.668	0.0181539	0.387487	565.22	0.00911707	0.00911542
282	567.073	0.0170978	569.68	0.0181578	0.387087	565.22	0.0091104	0.00910871
283	567.073	0.0170978	569.691	0.0181618	0.386687	565.22	0.00910374	0.009102
284	567.073	0.0170978	569.703	0.0181657	0.386286	565.22	0.00909707	0.0090953
285	567.073	0.0170978	569.715	0.0181697	0.385886	565.22	0.0090904	0.00908859
286	567.073	0.0170978	569.727	0.0181737	0.385485	565.22	0.00908374	0.00908188
287	567.073	0.0170978	569.739	0.0181776	0.385085	565.22	0.00907707	0.00907518
288	567.073	0.0170978	569.751	0.0181816	0.384685	565.22	0.00907041	0.00906847
289	567.073	0.0170978	569.763	0.0181856	0.384284	565.22	0.00906375	0.00906176
290	567.073	0.0170978	569.775	0.0181895	0.383884	565.221	0.00905709	0.00905506
291	567.073	0.0170978	569.787	0.0181935	0.383483	565.221	0.00905043	0.00904835
292	567.073	0.0170978	569.799	0.0181975	0.383083	565.221	0.00904377	0.00904164
293	567.073	0.0170978	569.811	0.0182015	0.382683	565.221	0.00903711	0.00903493
294	567.073	0.0170978	569.823	0.0182054	0.382282	565.221	0.00903045	0.00902823
295	567.073	0.0170978	569.836	0.0182094	0.381882	565.221	0.00902379	0.00902152
296	567.073	0.0170978	569.848	0.0182134	0.381481	565.221	0.00901714	0.00901481
297	567.073	0.0170978	569.86	0.0182174	0.381081	565.221	0.00901048	0.00900811
298	567.073	0.0170978	569.872	0.0182214	0.380681	565.221	0.00900383	0.0090014
299	567.073	0.0170978	569.884	0.0182253	0.38028	565.221	0.00899718	0.00899469
300	567.073	0.0170978	569.897	0.0182293	0.37988	565.221	0.00899053	0.00898799
301	567.073	0.0170978	569.909	0.0182333	0.379479	565.221	0.00898388	0.00898128
302	567.073	0.0170978	569.921	0.0182373	0.379079	565.222	0.00897723	0.00897457
303	567.073	0.0170978	569.933	0.0182413	0.378679	565.222	0.00897058	0.00896787
304	567.073	0.0170978	569.946	0.0182453	0.378278	565.222	0.00896394	0.00896116
305	567.073	0.0170978	569.958	0.0182493	0.377878	565.222	0.00895729	0.00895445
306	567.073	0.0170978	569.97	0.0182533	0.377477	565.222	0.00895065	0.00894775
307	567.073	0.0170978	569.983	0.0182573	0.377077	565.222	0.00894401	0.00894104
308	567.073	0.0170978	569.995	0.0182614	0.376677	565.222	0.00893736	0.00893433
309	567.073	0.0170978	570.008	0.0182659	0.376276	565.222	0.00893073	0.00892763
310	567.073	0.0170978	570.02	0.0182703	0.375876	565.222	0.00892409	0.00892092
311	567.073	0.0170978	570.033	0.0182747	0.375475	565.222	0.00891745	0.00891421
312	567.073	0.0170978	570.045	0.0182791	0.375075	565.222	0.00891082	0.00890751
313	567.073	0.0170978	570.058	0.0182835	0.374675	565.222	0.00890418	0.0089008
314	567.073	0.0170978	570.07	0.0182879	0.374274	565.223	0.00889755	0.00889409
315	567.073	0.0170978	570.083	0.0182923	0.373874	565.223	0.00889092	0.00888739
316	567.073	0.0170978	570.095	0.0182966	0.373473	565.223	0.00888429	0.00888068
317	567.073	0.0170978	570.108	0.0183003	0.373073	565.223	0.00887766	0.00887397
318	567.073	0.0170978	570.121	0.0183039	0.372673	565.223	0.00887103	0.00886727
319	567.073	0.0170978	570.133	0.0183076	0.372272	565.223	0.00886441	0.00886056
320	567.073	0.0170978	570.146	0.0183113	0.371872	565.223	0.00885779	0.00885385
321	567.073	0.0170978	570.159	0.0183141	0.371471	565.223	0.00885117	0.00884715
322	567.073	0.0170978	570.171	0.0183161	0.371071	565.223	0.00884455	0.00884044
323	567.073	0.0170978	570.184	0.018321	0.370671	565.223	0.00883793	0.00883373
324	567.073	0.0170978	570.197	0.0183242	0.37027	565.223	0.00883131	0.00882703
325	567.073	0.0170978	570.21	0.018329	0.36987	565.224	0.0088247	0.00882032
326	567.073	0.0170978	570.222	0.0183337	0.369469	565.224	0.00881808	0.00881361
327	567.073	0.0170978	570.235	0.0183375	0.369069	565.224	0.00881147	0.00880691
328	567.073	0.0170978	570.248	0.0183413	0.368669	565.224	0.00880486	0.0088002
329	567.073	0.0170978	570.261	0.0183451	0.368268	565.224	0.00879826	0.00879349
330	567.073	0.0170978	570.274	0.0183489	0.367868	565.224	0.00879165	0.00878679
331	567.073	0.0170978	570.287	0.0183527	0.367467	565.224	0.00878505	0.00878008
332	567.073	0.0170978	570.3	0.0183569	0.367067	565.224	0.00877845	0.00877337
333	567.073	0.0170978	570.313	0.018361	0.366667	565.224	0.00877185	0.00876667
334	567.073	0.0170978	570.326	0.0183652	0.366266	565.224	0.00876525	0.00875996
335	567.073	0.0170978	570.339	0.0183694	0.365866	565.225	0.00875866	0.00875325
336	567.073	0.0170978	570.352	0.0183735	0.365465	565.225	0.00875206	0.00874655
337	567.073	0.0170978	570.365	0.0183777	0.365065	565.225	0.00874547	0.00873984
338	567.073	0.0170978	570.378	0.0183819	0.364665	565.225	0.00873888	0.00873313
339	567.073	0.0170978	570.391	0.0183861	0.364264	565.225	0.0087323	0.00872643
340	567.073	0.0170978	570.404	0.0183903	0.363864	565.225	0.00872571	0.00871972
341	567.073	0.0170978	570.417	0.0183945	0.363463	565.225	0.00871913	0.00871301
342	567.073	0.0170978	570.43	0.0183987	0.363063	565.225	0.00871255	0.00870631
343	567.073	0.0170978	570.444	0.0184029	0.362663	565.225	0.00870598	0.0086996
344	567.073	0.0170978	570.457	0.0184064	0.362262	565.225	0.0086994	0.00869289
345	567.073	0.0170978	570.47	0.0184105	0.361862	565.226	0.00869283	0.00868619
346	567.073	0.0170978	570.483	0.0184135	0.361461	565.226	0.00868626	0.00867948
347	567.073	0.0170978	570.497	0.018418	0.361061	565.226	0.00867969	0.00867277
348	567.073	0.0170978	570.51	0.0184225	0.360661	565.226	0.00867313	0.00866607
349	567.073	0.0170978	570.523	0.018427	0.36026	565.226	0.00866656	0.00865936
350	567.073	0.0170978	570.537	0.0184297	0.35986	565.226	0.00866001	0.00865265
351	567.073	0.0170978	570.55	0.0184348	0.359459	565.226	0.00865345	0.00864595
352	567.073	0.0170978	570.563	0.0184399	0.359059	565.226	0.00864689	0.00863924
353	567.073	0.0170978	570.577	0.018445	0.358659	565.226	0.00864034	0.00863253
354	567.073	0.0170978	570.59	0.0184496	0.358258	565.226	0.0086338	0.00862583
355	567.073	0.0170978	570.604	0.0184539	0.357858	565.227	0.00862725	0.00861912
356	567.073	0.0170978	570.617	0.0184582	0.357457	565.227	0.00862071	0.00861241
357	567.073	0.0170978	570.631	0.0184625	0.357057	565.227	0.00861417	0.00860571
358	567.073	0.0170978	570.644	0.0184668	0.356657	565.227	0.00860763	0.008599
359	567.073	0.0170978	570.658	0.0184711	0.356256	565.227	0.0086011	0.00859229
360	567.073	0.0170978	570.671	0.0184754	0.355856	565.227	0.00859457	0.00858559
361	567.073	0.0170978	570.685	0.0184798	0.355455	565.227	0.00858804	0.00857888
362	567.073	0.0170978	570.699	0.0184841	0.355055	565.227	0.00858151	0.00857217
363	567.073	0.0170978	570.712	0.0184884	0.354655	565.227	0.00857499	0.00856547
364	567.073	0.0170978	570.726	0.0184928	0.354254	565.228	0.00856847	0.00855876
365	567.073	0.0170978	570.74	0.018497	0.353854	565.228	0.00856196	0.00855205
366	567.073	0.0170978	570.753	0.018501	0.353453	565.228	0.00855545	0.00854535
367	567.073	0.0170978	570.767	0.018505	0.353053	565.228	0.00854894	0.00853864
368	567.073	0.0170978	570.781	0.018509	0.352653	565.228	0.00854244	0.00853193
369	567.073	0.0170978	570.795	0.018513	0.352252	565.228	0.00853594	0.00852523
370	567.073	0.0170978	570.809	0.0185094	0.351852	565.228	0.00852944	0.00851852
371	567.073	0.0170978	570.823	0.0185058	0.351451	565.228	0.00852294	0.00851181
372	567.073	0.0170978	570.836	0.0185022	0.351051	565.229	0.00851645	0.00850511
373	567.073	0.0170978	570.85	0.0184986	0.350651	565.229	0.00850997	0.0084984
374	567.073	0.0170978	570.864	0.018495	0.35025	565.229	0.00850348	0.00849169
375	567.073	0.0170978	570.878	0.0184914	0.34985	565.229	0.00849701	0.00848498
376	567.073	0.0170978	570.893	0.0184878	0.349449	565.229	0.00849053	0.00847828
377	567.073	0.0170978	570.907	0.0184842	0.349049	565.229	0.00848406	0.00847157
378	567.073	0.0170978	570.921	0.0184806	0.348649	565.229	0.00847759	0.00846486
379	567.073	0.0170978	570.935	0.018477	0.348248	565.229	0.00847113	0.00845816
380	567.073	0.0170978	570.949	0.0184735	0.347848	565.229	0.00846467	0.00845145
381	567.073	0.0170978	570.964	0.0184699	0.347447	565.23	0.00845822	0.00844474
382	567.073	0.0170978	570.978	0.0184663	0.347047	565.23	0.00845176	0.00843804
383	567.073	0.0170978	570.992	0.0184628	0.346647	565.23	0.00844532	0.00843133
384	567.073	0.0170978	571.007	0.0184592	0.346246	565.23	0.00843888	0.00842462
385	567.073	0.0170978	571.021	0.0184557	0.345846	565.23	0.00843244	0.00841792
386	567.073	0.0170978	571.036	0.0184521	0.345445	565.23	0.008426	0.00841121
387	567.073	0.0170978	571.05	0.0184486	0.345045	565.23	0.00841958	0.0084045
388	567.073	0.0170978	571.065	0.018445	0.344645	565.23	0.00841315	0.0083978
389	567.073	0.0170978	571.079	0.0184415	0.344244	565.231	0.00840673	0.00839109
390	567.073	0.0170978	571.094	0.0184379	0.343844	565.231	0.00840032	0.00838438
391	567.073	0.0170978	571.109	0.0184344	0.343443	565.231	0.00839391	0.00837768
392	567.073	0.0170978	571.123	0.0184309	0.343043	565.231	0.0083875	0.00837097
393	567.073	0.0170978	571.138	0.0184273	0.342643	565.231	0.0083811	0.00836426
394	567.073	0.0170978	571.153	0.0184238	0.342242	565.231	0.0083747	0.00835756
395	567.073	0.0170978	571.168	0.0184203	0.341842	565.231	0.00836831	0.00835085
396	567.073	0.0170978	571.183	0.0184168	0.341441	565.231	0.00836193	0.00834414
397	567.073	0.0170978	571.198	0.0184133	0.341041	565.232	0.00835555	0.00833744
398	567.073	0.0170978	571.213	0.0184097	0.340641	565.232	0.00834917	0.00833073
399	567.073	0.0170978	571.228	0.0184062	0.34024	565.232	0.0083428	0.00832402
400	567.073	0.0170978	571.243	0.0184027	0.33984	565.232	0.00833643	0.00831732
401	567.073	0.0170978	571.258	0.0183992	0.339439	565.232	0.00833007	0.00831061
402	567.073	0.0170978	571.273	0.0183957	0.339039	565.232	0.00832372	0.0083039
403	567.073	0.0170978	571.288	0.0183922	0.338639	565.232	0.00831737	0.0082972
404	567.073	0.0170978	571.303	0.0183887	0.338238	565.233	0.00831103	0.00829049
405	567.073	0.0170978	571.319	0.0183852	0.337838	565.233	0.00830469	0.00828378
406	567.073	0.0170978	571.334	0.0183817	0.337437	565.233	0.00829836	0.00827708
407	567.073	0.0170978	571.349	0.0183782	0.337037	565.233	0.00829203	0.00827037
408	567.073	0.0170978	571.365	0.0183748	0.336637	565.233	0.00828571	0.00826366
409	567.073	0.0170978	571.38	0.0183713	0.336236	565.233	0.0082794	0.00825696
410	567.073	0.0170978	571.396	0.0183678	0.335836	565.233	0.00827309	0.00825025
411	567.073	0.0170978	571.411	0.0183643	0.335435	565.233	0.00826679	0.00824354
412	567.073	0.0170978	571.427	0.0183609	0.335035	565.234	0.00826049	0.00823684
413	567.073	0.0170978	571.443	0.0183574	0.334635	565.234	0.0082542	0.00823013
414	567.073	0.0170978	571.458	0.0183539	0.334234	565.234	0.00824792	0.00822342
415	567.073	0.0170978	571.474	0.0183505	0.333834	565.234	0.00824164	0.00821672
416	567.073	0.0170978	571.49	0.018347	0.333433	565.234	0.00823537	0.00821001
417	567.073	0.0170978	571.505	0.0183435	0.333033	565.234	0.0082291	0.0082033
418	567.073	0.0170978	571.521	0.0183401	0.332633	565.234	0.00822285	0.0081966
419	567.073	0.0170978	571.537	0.0183366	0.332232	565.235	0.0082166	0.00818989
420	567.073	0.0170978	571.553	0.0183326	0.331832	565.235	0.00821035	0.00818318
421	567.073	0.0170978	571.569	0.0183291	0.331431	565.235	0.00820411	0.00817648
422	567.073	0.0170978	571.585	0.0183257	0.331031	565.235	0.00819788	0.00816977
423	567.073	0.0170978	571.601	0.0183222	0.330631	565.235	0.00819166	0.00816306
424	567.073	0.0170978	571.617	0.0183187	0.33023	565.235	0.00818544	0.00815636
425	567.073	0.0170978	571.633	0.0183153	0.32983	565.235	0.00817923	0.00814965
426	567.073	0.0170978	571.65	0.0183118	0.329429	565.236	0.00817303	0.00814294
427	567.073	0.0170978	571.666	0.0183084	0.329029	565.236	0.00816683	0.00813624
428	567.073	0.0170978	571.682	0.0183049	0.328629	565.236	0.00816065	0.00812953
429	567.073	0.0170978	571.698	0.0183014	0.328228	565.236	0.00815447	0.00812282
430	567.073	0.0170978	571.715	0.018298	0.327828	565.236	0.00814829	0.00811612
431	567.073	0.0170978	571.731	0.0182945	0.327427	565.236	0.00814213	0.00810941
432	567.073	0.0170978	571.748	0.018291	0.327027	565.236	0.00813597	0.0081027
433	567.073	0.0170978	571.764	0.0182876	0.326627	565.237	0.00812982	0.008096
434	567.073	0.0170978	571.781	0.0182841	0.326226	565.237	0.00812368	0.00808929
435	567.073	0.0170978	571.797	0.0182806	0.325826	565.237	0.00811755	0.00808258
436	567.073	0.0170978	571.814	0.0182772	0.325425	565.237	0.00811142	0.00807588
437	567.073	0.0170978	571.83	0.0182737	0.325025	565.237	0.0081053	0.00806917
438	567.073	0.0170978	571.847	0.0182703	0.324625	565.237	0.00809919	0.00806246
439	567.073	0.0170978	571.864	0.0182668	0.324224	565.237	0.00809309	0.00805576
440	567.073	0.0170978	571.881	0.0182633	0.323824	565.238	0.008087	0.00804905
441	567.073	0.0170978	571.897	0.0182599	0.323423	565.238	0.00808091	0.00804234
442	567.073	0.0170978	571.914	0.0182564	0.323023	565.238	0.00807484	0.00803564
443	567.073	0.0170978	571.931	0.018253	0.322623	565.238	0.00806877	0.00802893
444	567.073	0.0170978	571.948	0.0182495	0.322222	565.238	0.00806271	0.00802222
445	567.073	0.0170978	571.965	0.0182461	0.321822	565.238	0.00805666	0.00801552
446	567.073	0.0170978	571.982	0.0182426	0.321421	565.239	0.00805062	0.00800881
447	567.073	0.0170978	571.999	0.0182391	0.321021	565.239	0.00804459	0.0080021
448	567.073	0.0170978	572.017	0.0182357	0.320621	565.239	0.00803857	0.0079954
449	567.073	0.0170978	572.034	0.0182322	0.32022	565.239	0.00803255	0.00798869
450	567.073	0.0170978	572.051	0.0182288	0.31982	565.239	0.00802655	0.00798198
451	567.073	0.0170978	572.068	0.018227	0.319419	565.239	0.00802056	0.00797528
452	567.073	0.0170978	572.086	0.0182255	0.319019	565.239	0.00801457	0.00796857
453	567.073	0.0170978	572.103	0.0182239	0.318619	565.24	0.00800859	0.00796186
454	567.073	0.0170978	572.121	0.0182224	0.318218	565.24	0.00800263	0.00795516
455	567.073	0.0170978	572.138	0.0182209	0.317818	565.24	0.00799667	0.00794845
456	567.073	0.0170978	572.156	0.0182195	0.317417	565.24	0.00799073	0.00794174
457	567.073	0.0170978	572.173	0.0182173	0.317017	565.24	0.00798479	0.00793504
458	567.073	0.0170978	572.191	0.0182139	0.316617	565.24	0.00797886	0.00792833
459	567.073	0.0170978	572.208	0.0182104	0.316216	565.241	0.00797295	0.00792162
460	567.073	0.0170978	572.226	0.018207	0.315816	565.241	0.00796704	0.00791491
461	567.073	0.0170978	572.244	0.0182036	0.315415	565.241	0.00796114	0.00790821
462	567.073	0.0170978	572.262	0.0182001	0.315015	565.241	0.00795526	0.0079015
463	567.073	0.0170978	572.279	0.0181967	0.314615	565.241	0.00794938	0.00789479
464	567.073	0.0170978	572.297	0.0181933	0.314214	565.241	0.00794352	0.00788809
465	567.073	0.0170978	572.315	0.0181898	0.313814	565.242	0.00793766	0.00788138
466	567.073	0.0170978	572.333	0.0181864	0.313413	565.242	0.00793182	0.00787467
467	567.073	0.0170978	572.351	0.0181829	0.313013	565.242	0.00792599	0.00786797
468	567.073	0.0170978	572.369	0.0181795	0.312613	565.242	0.00792017	0.00786126
469	567.073	0.0170978	572.387	0.0181761	0.312212	565.242	0.00791436	0.00785455
470	567.073	0.0170978	572.406	0.0181726	0.311812	565.242	0.00790856	0.00784785
471	567.073	0.0170978	572.424	0.0181692	0.311411	565.243	0.00790277	0.00784114
472	567.073	0.0170978	572.442	0.0181657	0.311011	565.243	0.00789699	0.00783443
473	567.073	0.0170978	572.46	0.0181623	0.310611	565.243	0.00789123	0.00782773
474	567.073	0.0170978	572.479	0.0181588	0.31021	565.243	0.00788547	0.00782102
475	567.073	0.0170978	572.497	0.0181554	0.30981	565.243	0.00787973	0.00781431
476	567.073	0.0170978	572.515	0.0181519	0.309409	565.243	0.007874	0.00780761
477	567.073	0.0170978	572.534	0.0181485	0.309009	565.244	0.00786828	0.0078009
478	567.073	0.0170978	572.553	0.018145	0.308609	565.244	0.00786258	0.00779419
479	567.073	0.0170978	572.571	0.0181416	0.308208	565.244	0.00785688	0.00778749
480	567.073	0.0170978	572.59	0.0181381	0.307808	565.244	0.0078512	0.00778078
481	567.073	0.0170978	572.608	0.0181347	0.307407	565.244	0.00784553	0.00777407
482	567.073	0.0170978	572.627	0.0181312	0.307007	565.244	0.00783987	0.00776737
483	567.073	0.0170978	572.646	0.0181277	0.306607	565.245	0.00783423	0.00776066
484	567.073	0.0170978	572.665	0.0181243	0.306206	565.245	0.0078286	0.00775395
485	567.073	0.0170978	572.684	0.0181208	0.305806	565.245	0.00782298	0.00774725
486	567.073	0.0170978	572.703	0.0181174	0.305405	565.245	0.00781737	0.00774054
487	567.073	0.0170978	572.722	0.0181139	0.305005	565.245	0.00781178	0.00773383
488	567.073	0.0170978	572.741	0.0181104	0.304605	565.245	0.0078062	0.00772713
489	567.073	0.0170978	572.76	0.018107	0.304204	565.246	0.00780063	0.00772042
490	567.073	0.0170978	572.779	0.0181035	0.303804	565.246	0.00779507	0.00771371
491	567.073	0.0170978	572.798	0.0181	0.303403	565.246	0.00778953	0.00770701
492	567.073	0.0170978	572.817	0.0180966	0.303003	565.246	0.007784	0.0077003
493	567.073	0.0170978	572.836	0.0180931	0.302603	565.246	0.00777849	0.00769359
494	567.073	0.0170978	572.856	0.0180896	0.302202	565.246	0.00777299	0.00768689
495	567.073	0.0170978	572.875	0.0180862	0.301802	565.247	0.0077675	0.00768018
496	567.073	0.0170978	572.895	0.0180827	0.301401	565.247	0.00776202	0.00767347
497	567.073	0.0170978	572.914	0.0180792	0.301001	565.247	0.00775656	0.00766677
498	567.073	0.0170978	572.934	0.0180757	0.300601	565.247	0.00775112	0.00766006
499	567.073	0.0170978	572.953	0.0180722	0.3002	565.247	0.00774569	0.00765335
500	567.073	0.0170978	572.973	0.0180688	0.2998	565.248	0.00774027	0.00764665
501	567.073	0.0170978	572.992	0.0180653	0.299399	565.248	0.00773486	0.00763994
502	567.073	0.0170978	573.012	0.0180619	0.298999	565.248	0.00772948	0.00763323
503	567.073	0.0170978	573.032	0.0180584	0.298599	565.248	0.0077241	0.00762653
504	567.073	0.0170978	573.052	0.018055	0.298198	565.248	0.00771874	0.00761982
505	567.073	0.0170978	573.072	0.0180515	0.297798	565.25	0.00764588	0.00761311
506	567.073	0.0170978	573.091	0.0180481	0.297397	565.25	0.00763968	0.00760641
507	567.073	0.0170978	573.111	0.0180446	0.296997	565.25	0.00763349	0.0075997
508	567.073	0.0170978	573.131	0.0180411	0.296597	565.25	0.0076273	0.00759299
509	567.073	0.0170978	573.152	0.0180377	0.296196	565.25	0.00762113	0.00758629
510	567.073	0.0170978	573.172	0.0180342	0.295796	565.251	0.00761496	0.00757958
511	567.073	0.0170978	573.192	0.0180307	0.295395	565.251	0.0076088	0.00757287
512	567.073	0.0170978	573.212	0.0180273	0.294995	565.251	0.00760266	0.00756617
513	567.073	0.0170978	573.232	0.0180238	0.294595	565.251	0.00759652	0.00755946
514	567.073	0.0170978	573.253	0.0180203	0.294194	565.251	0.00759039	0.00755275
515	567.073	0.0170978	573.273	0.0180168	0.293794	565.252	0.00758427	0.00754605
516	567.073	0.0170978	573.293	0.0180133	0.293393	565.252	0.00757817	0.00753934
517	567.073	0.0170978	573.314	0.0180099	0.292993	565.252	0.00757207	0.00753263
518	567.073	0.0170978	573.334	0.0180064	0.292593	565.252	0.00756598	0.00752593
519	567.073	0.0170978	573.355	0.0180027	0.292192	565.252	0.00755991	0.00751922
520	567.073	0.0170978	573.376	0.0179991	0.291792	565.253	0.00755384	0.00751251
521	567.073	0.0170978	573.396	0.0179955	0.291391	565.253	0.00754779	0.00750581
522	567.073	0.0170978	573.417	0.0179918	0.290991	565.253	0.00754175	0.0074991
523	567.073	0.0170978	573.438	0.0179881	0.290591	565.253	0.00753573	0.00749239
524	567.073	0.0170978	573.459	0.0179844	0.29019	565.253	0.00752971	0.00748569
525	567.073	0.0170978	573.48	0.0179808	0.28979	565.254	0.00752371	0.00747898
526	567.073	0.0170978	573.501	0.0179771	0.289389	565.254	0.00751773	0.00747227
527	567.073	0.0170978	573.522	0.0179734	0.288989	565.254	0.00751175	0.00746557
528	567.073	0.0170978	573.543	0.0179697	0.288589	565.254	0.0075058	0.00745886
529	567.073	0.0170978	573.564	0.017966	0.288188	565.255	0.00749985	0.00745215
530	567.073	0.0170978	573.585	0.0179623	0.287788	565.255	0.00749392	0.00744545
531	567.073	0.0170978	573.606	0.0179587	0.287387	565.255	0.00748801	0.00743874
532	567.073	0.0170978	573.627	0.017955	0.286987	565.255	0.00748211	0.00743203
533	567.073	0.0170978	573.649	0.0179513	0.286587	565.255	0.00747623	0.00742533
534	567.073	0.0170978	573.67	0.0179476	0.286186	565.256	0.00747037	0.00741862
535	567.073	0.0170978	573.692	0.0179438	0.285786	565.256	0.00746452	0.00741191
536	567.073	0.0170978	573.713	0.0179401	0.285385	565.256	0.00745869	0.00740521
537	567.073	0.0170978	573.735	0.0179363	0.284985	565.256	0.00745288	0.0073985
538	567.073	0.0170978	573.756	0.0179326	0.284585	565.256	0.00744709	0.00739179
539	567.073	0.0170978	573.778	0.0179288	0.284184	565.257	0.00744132	0.00738509
540	567.073	0.0170978	573.8	0.017925	0.283784	565.257	0.00743556	0.00737838
541	567.073	0.0170978	573.821	0.0179212	0.283383	565.257	0.00742983	0.00737167
542	567.073	0.0170978	573.843	0.0179174	0.282983	565.257	0.00742412	0.00736496
543	567.073	0.0170978	573.865	0.0179136	0.282583	565.258	0.00741843	0.00735826
544	567.073	0.0170978	573.887	0.0179098	0.282182	565.258	0.00741276	0.00735155
545	567.073	0.0170978	573.909	0.017906	0.281782	565.258	0.00740712	0.00734484
546	567.073	0.0170978	573.931	0.0179022	0.281381	565.258	0.0074015	0.00733814
547	567.073	0.0170978	573.953	0.0178984	0.280981	565.259	0.00739591	0.00733143
548	567.073	0.0170978	573.975	0.0178945	0.280581	565.259	0.00739034	0.00732472
549	567.073	0.0170978	573.997	0.0178909	0.28018	565.259	0.00738479	0.00731802
550	567.073	0.0170978	574.02	0.0178874	0.27978	565.259	0.00737927	0.00731131
551	567.073	0.0170978	574.042	0.0178841	0.279379	565.259	0.00737378	0.0073046
552	567.073	0.0170978	574.064	0.0178805	0.278979	565.26	0.00736832	0.0072979
553	567.073	0.0170978	574.087	0.0178773	0.278579	565.26	0.00736289	0.00729119
554	567.073	0.0170978	574.109	0.0178734	0.278178	565.26	0.00735749	0.00728448
555	567.073	0.0170978	574.132	0.0178691	0.277778	565.26	0.00735211	0.00727778
556	567.073	0.0170978	574.154	0.0178648	0.277377	565.261	0.00734677	0.00727107
557	567.073	0.0170978	574.177	0.0178605	0.276977	565.261	0.00734147	0.00726436
558	567.073	0.0170978	574.2	0.0178561	0.276577	565.261	0.00733619	0.00725766
559	567.073	0.0170978	574.223	0.0178518	0.276176	565.261	0.00733095	0.00725095
560	567.073	0.0170978	574.245	0.0178475	0.275776	565.262	0.00732575	0.00724424
561	567.073	0.0170978	574.268	0.0178431	0.275375	565.262	0.00732058	0.00723754
562	567.073	0.0170978	574.291	0.0178388	0.274975	565.262	0.00731545	0.00723083
563	567.073	0.0170978	574.314	0.0178345	0.274575	565.262	0.00731036	0.00722412
564	567.073	0.0170978	574.337	0.0178301	0.274174	565.263	0.00730531	0.00721742
565	567.073	0.0170978	574.361	0.0178258	0.273774	565.263	0.0073003	0.00721071
566	567.073	0.0170978	574.384	0.0178214	0.273373	565.263	0.00729533	0.007204
567	567.073	0.0170978	574.407	0.0178171	0.272973	565.263	0.0072904	0.0071973
568	567.073	0.0170978	574.43	0.0178127	0.272573	565.264	0.00728552	0.00719059
569	567.073	0.0170978	574.454	0.0178084	0.272172	565.264	0.00728068	0.00718388
570	567.073	0.0170978	574.477	0.017804	0.271772	565.264	0.0072759	0.00717718
571	567.073	0.0170978	574.501	0.0177996	0.271371	565.267	0.00719763	0.00717047
572	567.073	0.0170978	574.524	0.0177953	0.270971	565.268	0.00719156	0.00716376
573	567.073	0.0170978	574.548	0.0177909	0.270571	565.268	0.00718552	0.00715706
574	567.073	0.0170978	574.571	0.0177865	0.27017	565.268	0.0071795	0.00715035
575	567.073	0.0170978	574.595	0.0177822	0.26977	565.269	0.0071735	0.00714364
576	567.073	0.0170978	574.619	0.0177778	0.269369	565.269	0.00716752	0.00713694
577	567.073	0.0170978	574.643	0.0177734	0.268969	565.269	0.00716157	0.00713023
578	567.073	0.0170978	574.667	0.017769	0.268569	565.27	0.00715564	0.00712352
579	567.073	0.0170978	574.691	0.0177646	0.268168	565.27	0.00714974	0.00711682
580	567.073	0.0170978	574.715	0.0177602	0.267768	565.27	0.00714386	0.00711011
581	567.073	0.0170978	574.739	0.0177558	0.267367	565.271	0.00713801	0.0071034
582	567.073	0.0170978	574.763	0.0177514	0.266967	565.271	0.00713219	0.0070967
583	567.073	0.0170978	574.787	0.017747	0.266567	565.271	0.00712639	0.00708999
584	567.073	0.0170978	574.812	0.0177426	0.266166	565.272	0.00712063	0.00708328
585	567.073	0.0170978	574.836	0.0177382	0.265766	565.272	0.0071149	0.00707658
586	567.073	0.0170978	574.86	0.0177338	0.265365	565.273	0.0071092	0.00706987
587	567.073	0.0170978	574.885	0.0177294	0.264965	565.273	0.00710354	0.00706316
588	567.073	0.0170978	574.909	0.017725	0.264565	565.273	0.0070979	0.00705646
589	567.073	0.0170978	574.934	0.0177205	0.264164	565.274	0.00709231	0.00704975
590	567.073	0.0170978	574.959	0.0177161	0.263764	565.274	0.00708675	0.00704304
591	567.073	0.0170978	574.983	0.0177117	0.263363	565.274	0.00708122	0.00703634
592	567.073	0.0170978	575.008	0.0177072	0.262963	565.275	0.00707574	0.00702963
593	567.073	0.0170978	575.033	0.0177028	0.262563	565.275	0.0070703	0.00702292
594	567.073	0.0170978	575.058	0.0176984	0.262162	565.276	0.0070649	0.00701622
595	567.073	0.0170978	575.083	0.0176939	0.261762	565.276	0.00705954	0.00700951
596	567.073	0.0170978	575.108	0.0176895	0.261361	565.276	0.00705422	0.0070028
597	567.073	0.0170978	575.133	0.017685	0.260961	565.277	0.00704896	0.0069961
598	567.073	0.0170978	575.158	0.0176807	0.260561	565.277	0.00704374	0.00698939
599	567.073	0.0170978	575.184	0.0176773	0.26016	565.278	0.00703856	0.00698268
600	567.073	0.0170978	575.209	0.0176738	0.25976	565.278	0.00703344	0.00697598
601	567.073	0.0170978	575.234	0.0176704	0.259359	565.279	0.00702837	0.00696927
602	567.073	0.0170978	575.26	0.0176669	0.258959	565.279	0.00702335	0.00696256
603	567.073	0.0170978	575.285	0.0176615	0.258559	565.279	0.00701839	0.00695586
604	567.073	0.0170978	575.311	0.017657	0.258158	565.28	0.00701348	0.00694915
605	567.073	0.0170978	575.336	0.0176526	0.257758	565.28	0.00700864	0.00694244
606	567.073	0.0170978	575.362	0.0176481	0.257357	565.281	0.00700385	0.00693574
607	567.073	0.0170978	575.388	0.0176436	0.256957	565.281	0.00699913	0.00692903
608	567.073	0.0170978	575.414	0.0176391	0.256557	565.282	0.00699447	0.00692232
609	567.073	0.0170978	575.44	0.0176346	0.256156	565.282	0.00698987	0.00691562
610	567.073	0.0170978	575.466	0.0176301	0.255756	565.283	0.00698534	0.00690891
611	567.073	0.0170978	575.492	0.0176256	0.255355	565.283	0.00698085	0.0069022
612	567.073	0.0170978	575.518	0.0176211	0.254955	565.284	0.0069764	0.0068955
613	567.073	0.0170978	575.544	0.0176166	0.254555	565.284	0.00697203	0.00688879
614	567.073	0.0170978	575.57	0.0176121	0.254154	565.285	0.00696773	0.00688208
615	567.073	0.0170978	575.596	0.0176086	0.253754	565.285	0.00696351	0.00687538
616	567.073	0.0170978	575.623	0.0176051	0.253353	565.286	0.00695938	0.00686867
617	567.073	0.0170978	575.649	0.0176017	0.252953	565.286	0.00695533	0.00686196
618	567.073	0.0170978	575.676	0.0175895	0.252553	565.287	0.00695137	0.00685526
619	567.073	0.0170978	575.702	0.0175864	0.252152	565.288	0.0069475	0.00684855
620	567.073	0.0170978	575.729	0.0175833	0.251752	565.304	0.00687403	0.00684184
621	567.073	0.0170978	575.756	0.0175802	0.251351	565.306	0.00686868	0.00683514
622	567.073	0.0170978	575.783	0.0175771	0.250951	565.307	0.00686315	0.00682843
623	567.073	0.0170978	575.809	0.017574	0.250551	565.309	0.00685761	0.00682172
624	567.073	0.0170978	575.836	0.0175709	0.25015	565.312	0.00685155	0.00681502
625	567.073	0.0170978	575.863	0.0175683	0.24975	565.314	0.00684526	0.00680831
626	567.073	0.0170978	575.89	0.017566	0.249349	565.316	0.0068414	0.0068016
627	567.073	0.0170978	575.918	0.0175637	0.248949	565.318	0.00683835	0.00679489
628	567.073	0.0170978	575.945	0.0175601	0.248549	565.32	0.00683331	0.00678819
629	567.073	0.0170978	575.972	0.0175556	0.248148	565.322	0.00682618	0.00678148
630	567.073	0.0170978	575.999	0.017551	0.247748	565.325	0.00681902	0.00677477
631	567.073	0.0170978	576.027	0.0175465	0.247347	565.327	0.00681179	0.00676807
632	567.073	0.0170978	576.054	0.0175419	0.246947	565.329	0.00680524	0.00676136
633	567.073	0.0170978	576.082	0.0175374	0.246547	565.332	0.00679927	0.00675465
634	567.073	0.0170978	576.11	0.0175328	0.246146	565.334	0.00679335	0.00674795
635	567.073	0.0170978	576.137	0.0175283	0.245746	565.337	0.00678669	0.00674124
636	567.073	0.0170978	576.165	0.0175237	0.245345	565.339	0.00678071	0.00673453
637	567.073	0.0170978	576.192	0.0175192	0.244945	565.342	0.00677478	0.00672783
638	567.073	0.0170978	576.22	0.0175146	0.244545	565.345	0.00676828	0.00672112
639	567.073	0.0170978	576.248	0.01751	0.244144	565.348	0.0067622	0.00671441
640	567.073	0.0170978	576.276	0.0175054	0.243744	565.351	0.00675601	0.00670771
641	567.073	0.0170978	576.305	0.0175008	0.243343	565.355	0.00674856	0.006701
642	567.073	0.0170978	576.333	0.0174962	0.242943	565.359	0.00674262	0.00669429
643	567.073	0.0170978	576.361	0.0174916	0.242543	565.362	0.00673704	0.00668759
644	567.073	0.0170978	576.389	0.017487	0.242142	565.367	0.00672943	0.00668088
645	567.073	0.0170978	576.418	0.0174824	0.241742	565.371	0.00672176	0.00667417
646	567.073	0.0170978	576.446	0.0174778	0.241341	565.376	0.0067142	0.00666747
647	567.073	0.0170978	576.475	0.0174732	0.240941	565.382	0.00670683	0.00666076
648	567.073	0.0170978	576.504	0.0174686	0.240541	565.388	0.0066998	0.00665405
649	567.073	0.0170978	576.532	0.017464	0.24014	565.393	0.00669369	0.00664735
650	567.073	0.0170978	576.561	0.0174594	0.23974	565.399	0.00668258	0.00664064
651	567.073	0.0170978	576.59	0.0174547	0.239339	565.405	0.00667665	0.00663393
652	567.073	0.0170978	576.619	0.0174501	0.238939	565.41	0.00667213	0.00662723
653	567.073	0.0170978	576.648	0.0174455	0.238539	565.416	0.00666638	0.00662052
654	567.073	0.0170978	576.677	0.0174411	0.238138	565.422	0.00666097	0.00661381
655	567.073	0.0170978	576.706	0.0174368	0.237738	565.429	0.00665417	0.00660711
656	567.073	0.0170978	576.736	0.0174326	0.237337	565.435	0.00664695	0.0066004
657	567.073	0.0170978	576.765	0.0174283	0.236937	565.441	0.00664125	0.00659369
658	567.073	0.0170978	576.794	0.0174241	0.236537	565.447	0.00663574	0.00658699
659	567.073	0.0170978	576.824	0.0174199	0.236136	565.453	0.00663043	0.00658028
660	567.073	0.0170978	576.853	0.0174156	0.235736	565.46	0.00662537	0.00657357
661	567.073	0.0170978	576.883	0.0174114	0.235335	565.467	0.00662058	0.00656687
662	567.073	0.0170978	576.913	0.0174071	0.234935	565.474	0.00661609	0.00656016
663	567.073	0.0170978	576.943	0.0174029	0.234535	565.481	0.00661194	0.00655345
664	567.073	0.0170978	576.973	0.0173987	0.234134	565.489	0.00660781	0.00654675
665	567.073	0.0170978	577.003	0.0173945	0.233734	565.497	0.0066035	0.00654004
666	567.073	0.0170978	577.033	0.0173902	0.233333	565.504	0.00660102	0.00653333
667	567.073	0.0170978	577.063	0.017386	0.232933	565.513	0.00659579	0.00652663
668	567.073	0.0170978	577.093	0.0173818	0.232533	565.522	0.00659221	0.00651992
669	567.073	0.0170978	577.123	0.0173775	0.232132	565.532	0.00658819	0.00651321
670	567.073	0.0170978	577.154	0.0173733	0.231732	565.541	0.0065843	0.00650651
671	567.073	0.0170978	577.184	0.0173691	0.231331	565.551	0.00658093	0.0064998
672	567.073	0.0170978	577.215	0.0173649	0.230931	565.561	0.00657806	0.00649309
673	567.073	0.0170978	577.245	0.0173607	0.230531	565.571	0.00657518	0.00648639
674	567.073	0.0170978	577.276	0.0173565	0.23013	565.581	0.0065715	0.00647968
675	567.073	0.0170978	577.307	0.0173522	0.22973	565.592	0.00656761	0.00647297
676	567.073	0.0170978	577.337	0.017348	0.229329	565.603	0.00656391	0.00646627
677	567.073	0.0170978	577.368	0.0173438	0.228929	565.7	0.00649171	0.00645956
678	567.073	0.0170978	577.399	0.0173396	0.228529	565.714	0.00648603	0.00645285
679	567.073	0.0170978	577.43	0.0173354	0.228128	565.729	0.00648031	0.00644615
680	567.073	0.0170978	577.462	0.0173296	0.227728	565.745	0.00647457	0.00643944
681	567.073	0.0170978	577.493	0.0173232	0.227327	565.761	0.00646879	0.00643273
682	567.073	0.0170978	577.524	0.0173137	0.226927	565.779	0.00646231	0.00642603
683	567.073	0.0170978	577.556	0.0173097	0.226527	565.795	0.00645703	0.00641932
684	567.073	0.0170978	577.587	0.0173058	0.226126	565.812	0.00645048	0.00641261
685	567.073	0.0170978	577.619	0.0173018	0.225726	565.83	0.00644439	0.00640591
686	567.073	0.0170978	577.65	0.0172979	0.225325	565.848	0.00643825	0.0063992
687	567.073	0.0170978	577.682	0.0172939	0.224925	565.867	0.0064314	0.00639249
688	567.073	0.0170978	577.714	0.0172899	0.224525	565.886	0.00642448	0.00638579
689	567.073	0.0170978	577.746	0.017286	0.224124	565.906	0.00641736	0.00637908
690	567.073	0.0170978	577.778	0.017282	0.223724	565.927	0.00641025	0.00637237
691	567.073	0.0170978	577.81	0.0172784	0.223323	565.947	0.00640472	0.00636567
692	567.073	0.0170978	577.842	0.0172753	0.222923	565.968	0.00639697	0.00635896
693	567.073	0.0170978	577.875	0.0172722	0.222523	565.99	0.00638982	0.00635225
694	567.073	0.0170978	577.907	0.0172693	0.222122	566.011	0.00638354	0.00634555
695	567.073	0.0170978	577.939	0.0172668	0.221722	566.033	0.00637692	0.00633884
696	567.073	0.0170978	577.972	0.017259	0.221321	566.055	0.00637026	0.00633213
697	567.073	0.0170978	578.005	0.0172553	0.220921	566.077	0.00636361	0.00632543
698	567.073	0.0170978	578.037	0.0172516	0.220521	566.1	0.00635696	0.00631872
699	567.073	0.0170978	578.07	0.017248	0.22012	566.124	0.00635031	0.00631201
700	567.073	0.0170978	578.103	0.0172435	0.21972	566.147	0.00634367	0.00630531
701	567.073	0.0170978	578.136	0.0172387	0.219319	566.172	0.00633701	0.0062986
702	567.073	0.0170978	578.169	0.0172339	0.218919	566.197	0.00633035	0.00629189
703	567.073	0.0170978	578.202	0.017229	0.218519	566.222	0.00632369	0.00628519
704	567.073	0.0170978	578.235	0.0172242	0.218118	566.248	0.00631703	0.00627848
705	567.073	0.0170978	578.269	0.0172194	0.217718	566.276	0.0063096	0.00627177
706	567.073	0.0170978	578.302	0.0172145	0.217317	566.302	0.00630289	0.00626507
707	567.073	0.0170978	578.336	0.0172097	0.216917	566.329	0.00629601	0.00625836
708	567.073	0.0170978	578.369	0.0172048	0.216517	566.357	0.00629017	0.00625165
709	567.073	0.0170978	578.403	0.0171999	0.216116	566.385	0.00628245	0.00624494
710	567.073	0.0170978	578.437	0.0171951	0.215716	566.413	0.00627566	0.00623824
711	567.073	0.0170978	578.471	0.0171902	0.215315	566.44	0.00626992	0.00623153
712	567.073	0.0170978	578.505	0.0171853	0.214915	566.468	0.00626306	0.00622482
713	567.073	0.0170978	578.539	0.0171805	0.214515	566.496	0.00625652	0.00621812
714	567.073	0.0170978	578.573	0.0171756	0.214114	566.525	0.00624984	0.00621141
715	567.073	0.0170978	578.607	0.0171707	0.213714	566.555	0.00624316	0.0062047
716	567.073	0.0170978	578.641	0.0171658	0.213313	566.584	0.00623648	0.006198
717	567.073	0.0170978	578.676	0.0171609	0.212913	566.615	0.0062298	0.00619129
718	567.073	0.0170978	578.71	0.017156	0.212513	566.645	0.00622312	0.00618458
719	567.073	0.0170978	578.745	0.0171511	0.212112	566.676	0.00621644	0.00617788
720	567.073	0.0170978	578.78	0.0171461	0.211712	566.708	0.00620976	0.00617117
721	567.073	0.0170978	578.815	0.0171412	0.211311	566.74	0.00620307	0.00616446
722	567.073	0.0170978	578.849	0.0171363	0.210911	566.772	0.0061964	0.00615776
723	567.073	0.0170978	578.884	0.0171314	0.210511	566.805	0.00618972	0.00615105
724	567.073	0.0170978	578.92	0.0171264	0.21011	566.838	0.00618304	0.00614434
725	567.073	0.0170978	578.955	0.0171215	0.20971	566.872	0.00617636	0.00613764
726	567.073	0.0170978	578.99	0.0171165	0.209309	566.906	0.00616967	0.00613093
727	567.073	0.0170978	579.025	0.0171116	0.208909	566.941	0.00616299	0.00612422
728	567.073	0.0170978	579.061	0.0171066	0.208509	566.976	0.0061563	0.00611752
729	567.073	0.0170978	579.096	0.0171016	0.208108	567.012	0.00614961	0.00611081
730	567.073	0.0170978	579.132	0.0170967	0.207708	567.048	0.00614292	0.0061041
731	567.073	0.0170978	579.168	0.0170917	0.207307	567.084	0.00613622	0.0060974
732	567.073	0.0170978	579.204	0.0170867	0.206907	567.121	0.00612952	0.00609069
733	567.073	0.0170978	579.24	0.0170817	0.206507	567.159	0.00612282	0.00608398
734	567.073	0.0170978	579.276	0.0170767	0.206106	567.196	0.00611611	0.00607728
735	567.073	0.0170978	579.312	0.0170717	0.205706	567.235	0.0061094	0.00607057
736	567.073	0.0170978	579.348	0.0170667	0.205305	567.274	0.00610268	0.00606386
737	567.073	0.0170978	579.385	0.0170617	0.204905	567.313	0.00609596	0.00605716
738	567.073	0.0170978	579.421	0.0170567	0.204505	567.352	0.00608923	0.00605045
739	567.073	0.0170978	579.458	0.0170517	0.204104	567.392	0.0060825	0.00604374
740	567.073	0.0170978	579.494	0.0170466	0.203704	567.433	0.00607575	0.00603704
741	567.073	0.0170978	579.531	0.0170416	0.203303	567.474	0.00606901	0.00603033
742	567.073	0.0170978	579.568	0.0170366	0.202903	567.515	0.00606225	0.00602362
743	567.073	0.0170978	579.605	0.0170315	0.202503	567.557	0.00605549	0.00601692
744	567.073	0.0170978	579.642	0.0170265	0.202102	567.6	0.00604872	0.00601021
745	567.073	0.0170978	579.679	0.0170214	0.201702	567.643	0.00604195	0.0060035
746	567.073	0.0170978	579.717	0.0170164	0.201301	567.686	0.00603513	0.0059968
747	567.073	0.0170978	579.754	0.0170113	0.200901	567.729	0.0060283	0.00599009
748	567.073	0.0170978	579.792	0.0170062	0.200501	567.773	0.00602146	0.00598338
749	567.073	0.0170978	579.829	0.0170011	0.2001	567.818	0.00601457	0.00597668
750	567.073	0.0170978	579.867	0.016996	0.1997	567.863	0.00600765	0.00596997
751	567.073	0.0170978	579.905	0.0169909	0.199299	567.909	0.00600002	0.00596326
752	567.073	0.0170978	579.943	0.0169858	0.198899	567.956	0.00599074	0.00595656
753	567.073	0.0170978	579.981	0.0169807	0.198498	568.007	0.0059808	0.00594985
754	567.073	0.0170978	580.019	0.0169756	0.198098	568.07	0.00598104	0.00594314
755	567.073	0.0170978	580.057	0.0169705	0.197698	568.114	0.00597591	0.00593644
756	567.073	0.0170978	580.096	0.0169654	0.197297	567.762	0.00602947	0.00592973
757	567.073	0.0170978	580.134	0.0169603	0.196897	567.821	0.00600997	0.00592302
758	567.073	0.0170978	580.173	0.0169551	0.196496	567.859	0.00600609	0.00591632
759	567.073	0.0170978	580.211	0.01695	0.196096	567.949	0.00599172	0.00590961
760	567.073	0.0170978	580.25	0.0169448	0.195696	568.09	0.00597531	0.0059029
761	567.073	0.0170978	580.289	0.0169397	0.195295	568.251	0.00594298	0.0058962
762	567.073	0.0170978	580.328	0.0169345	0.194895	568.302	0.00593704	0.00588949
763	567.073	0.0170978	580.367	0.0169293	0.194494	568.354	0.0059303	0.00588278
764	567.073	0.0170978	580.407	0.0169242	0.194094	568.408	0.00592357	0.00587608
765	567.073	0.0170978	580.446	0.016919	0.193694	568.464	0.00591688	0.00586937
766	567.073	0.0170978	580.485	0.0169138	0.193293	568.523	0.00591026	0.00586266
767	567.073	0.0170978	580.525	0.0169086	0.192893	568.584	0.00590327	0.00585596
768	567.073	0.0170978	580.565	0.0169034	0.192492	568.648	0.00589607	0.00584925
769	567.073	0.0170978	580.605	0.0168982	0.192092	568.714	0.00588879	0.00584254
770	567.073	0.0170978	580.644	0.016893	0.191692	568.784	0.0058814	0.00583584
771	567.073	0.0170978	580.684	0.0168878	0.191291	568.858	0.00587382	0.00582913
772	567.073	0.0170978	580.725	0.0168825	0.190891	568.938	0.0058466	0.00582242
773	567.073	0.0170978	580.765	0.0168773	0.19049	568.678	0.00590402	0.00581572
774	567.073	0.0170978	580.805	0.0168721	0.19009	568.731	0.00589711	0.00580901
775	567.073	0.0170978	580.846	0.0168668	0.18969	568.784	0.0058901	0.0058023
776	567.073	0.0170978	580.886	0.0168616	0.189289	568.84	0.0058829	0.0057956
777	567.073	0.0170978	580.927	0.0168563	0.188889	568.897	0.00587539	0.00578889
778	567.073	0.0170978	580.968	0.0168511	0.188488	568.956	0.0058674	0.00578218
779	567.073	0.0170978	581.009	0.0168458	0.188088	569.016	0.00585875	0.00577548
780	567.073	0.0170978	581.05	0.0168405	0.187688	569.084	0.00584755	0.00576877
781	567.073	0.0170978	581.091	0.0168352	0.187287	569.152	0.00583581	0.00576206
782	567.073	0.0170978	581.133	0.0168299	0.186887	569.219	0.00582373	0.00575536
783	567.073	0.0170978	581.174	0.0168246	0.186486	569.285	0.00581247	0.00574865
784	567.073	0.0170978	581.216	0.0168193	0.186086	569.347	0.00580342	0.00574194
785	567.073	0.0170978	581.257	0.016814	0.185686	569.402	0.00579736	0.00573524
786	567.073	0.0170978	581.299	0.0168087	0.185285	569.452	0.00579341	0.00572853
787	567.073	0.0170978	581.341	0.0168034	0.184885	569.501	0.00578912	0.00572182
788	567.073	0.0170978	581.383	0.016798	0.184484	569.552	0.00578491	0.00571512
789	567.073	0.0170978	581.425	0.0167927	0.184084	569.604	0.00578074	0.00570841
790	567.073	0.0170978	581.468	0.0167873	0.183684	569.664	0.00577583	0.0057017
791	567.073	0.0170978	581.51	0.016782	0.183283	569.722	0.005769	0.00569499
792	567.073	0.0170978	581.553	0.0167766	0.182883	569.786	0.00576105	0.00568829
793	567.073	0.0170978	581.596	0.0167712	0.182482	569.854	0.00575263	0.00568158
794	567.073	0.0170978	581.638	0.0167659	0.182082	569.924	0.00574437	0.00567487
795	567.073	0.0170978	581.681	0.0167605	0.181682	569.994	0.00573605	0.00566817
796	567.073	0.0170978	581.724	0.0167551	0.181281	570.058	0.00572955	0.00566146
797	567.073	0.0170978	581.768	0.0167497	0.180881	570.124	0.00572185	0.00565475
798	567.073	0.0170978	581.811	0.0167443	0.18048	570.242	0.00570824	0.00564805
799	567.073	0.0170978	581.854	0.0167389	0.18008	570.304	0.00570092	0.00564134
800	567.073	0.0170978	581.898	0.0167334	0.17968	570.367	0.00569369	0.00563463
801	567.073	0.0170978	581.942	0.016728	0.179279	570.429	0.00568672	0.00562793
802	567.073	0.0170978	581.986	0.0167226	0.178879	570.487	0.00568022	0.00562122
803	567.073	0.0170978	582.029	0.0167171	0.178478	570.543	0.00567409	0.00561451
804	567.073	0.0170978	582.074	0.0167117	0.178078	570.598	0.00566818	0.00560781
805	567.073	0.0170978	582.118	0.0167062	0.177678	570.653	0.00566241	0.0056011
806	567.073	0.0170978	582.162	0.0167008	0.177277	570.709	0.00565669	0.00559439
807	567.073	0.0170978	582.207	0.0166953	0.176877	570.767	0.00565096	0.00558769
808	567.073	0.0170978	582.251	0.0166898	0.176476	570.827	0.00564516	0.00558098
809	567.073	0.0170978	582.296	0.0166843	0.176076	570.888	0.00563927	0.00557427
810	567.073	0.0170978	582.341	0.0166788	0.175676	570.952	0.00563327	0.00556757
811	567.073	0.0170978	582.386	0.0166733	0.175275	571.018	0.00562715	0.00556086
812	567.073	0.0170978	582.431	0.0166678	0.174875	571.086	0.00562091	0.00555415
813	567.073	0.0170978	582.477	0.0166623	0.174474	571.156	0.00561456	0.00554745
814	567.073	0.0170978	582.522	0.0166567	0.174074	571.228	0.00560811	0.00554074
815	567.073	0.0170978	582.568	0.0166512	0.173674	571.301	0.00560158	0.00553403
816	567.073	0.0170978	582.613	0.0166457	0.173273	571.375	0.00559046	0.00552733
817	567.073	0.0170978	582.659	0.0166401	0.172873	571.444	0.00558774	0.00552062
818	567.073	0.0170978	582.705	0.0166345	0.172472	571.511	0.00558469	0.00551391
819	567.073	0.0170978	582.752	0.016629	0.172072	571.578	0.00557802	0.00550721
820	567.073	0.0170978	582.798	0.0166234	0.171672	571.646	0.00557127	0.0055005
821	567.073	0.0170978	582.844	0.0166178	0.171271	571.715	0.00556456	0.00549379
822	567.073	0.0170978	582.891	0.0166122	0.170871	571.784	0.00555785	0.00548709
823	567.073	0.0170978	582.938	0.0166066	0.17047	571.854	0.00555114	0.00548038
824	567.073	0.0170978	582.985	0.016601	0.17007	571.924	0.00554444	0.00547367
825	567.073	0.0170978	583.032	0.0165954	0.16967	571.994	0.00553774	0.00546697
826	567.073	0.0170978	583.079	0.0165898	0.169269	572.066	0.00553105	0.00546026
827	567.073	0.0170978	583.126	0.0165841	0.168869	572.137	0.00552438	0.00545355
828	567.073	0.0170978	583.173	0.0165785	0.168468	572.209	0.00551772	0.00544685
829	567.073	0.0170978	583.221	0.0165728	0.168068	572.281	0.00551108	0.00544014
830	567.073	0.0170978	583.269	0.0165672	0.167668	572.353	0.00550446	0.00543343
831	567.073	0.0170978	583.317	0.0165615	0.167267	572.426	0.00549785	0.00542673
832	567.073	0.0170978	583.365	0.0165558	0.166867	572.499	0.00549125	0.00542002
833	567.073	0.0170978	583.413	0.0165501	0.166466	572.573	0.00548468	0.00541331
834	567.073	0.0170978	583.461	0.0165444	0.166066	572.646	0.00547811	0.00540661
835	567.073	0.0170978	583.51	0.0165387	0.165666	572.72	0.00547157	0.0053999
836	567.073	0.0170978	583.559	0.016533	0.165265	572.794	0.00546503	0.00539319
837	567.073	0.0170978	583.607	0.0165273	0.164865	572.869	0.00545852	0.00538649
838	567.073	0.0170978	583.656	0.0165216	0.164464	572.943	0.0054519	0.00537978
839	567.073	0.0170978	583.705	0.0165158	0.164064	573.018	0.00544532	0.00537307
840	567.073	0.0170978	583.755	0.0165101	0.163664	573.093	0.00543884	0.00536637
841	567.073	0.0170978	583.804	0.0165043	0.163263	573.168	0.00543246	0.00535966
842	567.073	0.0170978	583.854	0.0164986	0.162863	573.244	0.00542617	0.00535295
843	567.073	0.0170978	583.903	0.0164928	0.162462	573.319	0.00541998	0.00534625
844	567.073	0.0170978	583.953	0.016487	0.162062	573.395	0.00541388	0.00533954
845	567.073	0.0170978	584.003	0.0164812	0.161662	573.471	0.0054077	0.00533283
846	567.073	0.0170978	584.054	0.0164754	0.161261	573.548	0.00540135	0.00532613
847	567.073	0.0170978	584.104	0.0164696	0.160861	573.624	0.005395	0.00531942
848	567.073	0.0170978	584.155	0.0164638	0.16046	573.704	0.00538816	0.00531271
849	567.073	0.0170978	584.205	0.0164579	0.16006	573.783	0.00538128	0.00530601
850	567.073	0.0170978	584.256	0.0164521	0.15966	573.861	0.00537491	0.0052993
851	567.073	0.0170978	584.307	0.0164464	0.159259	573.938	0.00536859	0.00529259
852	567.073	0.0170978	584.358	0.0164405	0.158859	574.016	0.00536226	0.00528589
853	567.073	0.0170978	584.41	0.0164347	0.158458	574.095	0.00535594	0.00527918
854	567.073	0.0170978	584.461	0.0164288	0.158058	574.175	0.00534956	0.00527247
855	567.073	0.0170978	584.513	0.0164229	0.157658	574.199	0.00534719	0.00526577
856	567.073	0.0170978	584.565	0.016417	0.157257	574.264	0.00534169	0.00525906
857	567.073	0.0170978	584.617	0.0164111	0.156857	574.345	0.00533641	0.00525235
858	567.073	0.0170978	584.669	0.0164052	0.156456	574.426	0.00532998	0.00524565
859	567.073	0.0170978	584.721	0.0163993	0.156056	574.507	0.00532355	0.00523894
860	567.073	0.0170978	584.774	0.0163933	0.155656	574.59	0.0053171	0.00523223
861	567.073	0.0170978	584.827	0.0163874	0.155255	574.725	0.00530609	0.00522553
861	567.073	0.0170978	584.827	0.0163874	0.155255	574.905	0.00529605	0.00522353
861	567.073	0.0170978	584.827	0.0163874	0.155255	574.995	0.00528605	0.00522353
861	567.073	0.0170978	584.827	0.0163874	0.155255	575.125	0.00526506	0.00522153
863	567.073	0.0170978	584.933	0.0163755	0.154454	575.382	0.00524874	0.00521211
864	567.073	0.0170978	584.986	0.0163695	0.154054	575.404	0.005245	0.00520541
865	567.073	0.0170978	585.039	0.0163635	0.153654	575.447	0.00524087	0.0051987
866	567.073	0.0170978	585.093	0.0163575	0.153253	575.517	0.00523547	0.00519199
867	567.073	0.0170978	585.147	0.0163515	0.152853	575.574	0.00523244	0.00518529
868	567.073	0.0170978	585.201	0.0163455	0.152452	575.636	0.00522904	0.00517858
869	567.073	0.0170978	585.255	0.0163395	0.152052	575.698	0.00522341	0.00517187
870	567.073	0.0170978	585.309	0.0163334	0.151652	575.852	0.00520957	0.00516517
871	567.073	0.0170978	585.364	0.0163274	0.151251	575.881	0.00521824	0.00515846
872	567.073	0.0170978	585.418	0.0163213	0.150851	575.944	0.0052153	0.00515175
873	567.073	0.0170978	585.473	0.0163153	0.15045	576.013	0.00521177	0.00514505
874	567.073	0.0170978	585.528	0.0163092	0.15005	576.085	0.00520968	0.00513834
875	567.073	0.0170978	585.583	0.0163031	0.14965	576.158	0.00520864	0.00513163
876	567.073	0.0170978	585.639	0.016298	0.149249	576.236	0.0052044	0.00512492
877	567.073	0.0170978	585.694	0.0162952	0.148849	576.316	0.00519908	0.00511822
878	567.073	0.0170978	585.75	0.0162924	0.148448	576.399	0.00519365	0.00511151
879	567.073	0.0170978	585.806	0.0162896	0.148048	576.484	0.00517999	0.0051048
880	567.073	0.0170978	585.862	0.0162868	0.147648	576.565	0.00518578	0.0050981
881	567.073	0.0170978	585.919	0.0162838	0.147247	576.648	0.00517877	0.00509139
882	567.073	0.0170978	585.975	0.0162776	0.146847	576.732	0.00517189	0.00508468
883	567.073	0.0170978	586.032	0.0162715	0.146446	576.823	0.00516639	0.00507798
884	567.073	0.0170978	586.088	0.0162724	0.146046	576.915	0.00515969	0.00507127
885	567.073	0.0170978	586.146	0.0162663	0.145646	577.008	0.00515299	0.00506456
886	567.073	0.0170978	586.203	0.0162601	0.145245	577.105	0.00514618	0.00505786
887	567.073	0.0170978	586.26	0.0162539	0.144845	577.201	0.00513938	0.00505115
888	567.073	0.0170978	586.318	0.0162477	0.144444	577.299	0.0051326	0.00504444
889	567.073	0.0170978	586.376	0.0162415	0.144044	577.396	0.00512583	0.00503774
890	567.073	0.0170978	586.434	0.0162353	0.143644	577.495	0.00511907	0.00503103
891	567.073	0.0170978	586.492	0.0162291	0.143243	577.594	0.00511232	0.00502432
892	567.073	0.0170978	586.551	0.0162229	0.142843	577.693	0.00510557	0.00501762
893	567.073	0.0170978	586.61	0.0162166	0.142442	577.793	0.00509883	0.00501091
894	567.073	0.0170978	586.669	0.0162104	0.142042	577.893	0.0050921	0.0050042
895	567.073	0.0170978	586.728	0.0162041	0.141642	577.993	0.00508537	0.0049975
896	567.073	0.0170978	586.787	0.0161978	0.141241	578.094	0.00507864	0.00499079
897	567.073	0.0170978	586.847	0.0161915	0.140841	578.196	0.00507192	0.00498408
898	567.073	0.0170978	586.906	0.0161852	0.14044	578.298	0.0050652	0.00497738
899	567.073	0.0170978	586.966	0.0161789	0.14004	578.4	0.00505848	0.00497067
900	567.073	0.0170978	587.027	0.0161726	0.13964	578.503	0.00505176	0.00496396
901	567.073	0.0170978	587.087	0.0161662	0.139239	578.606	0.00504505	0.00495726
902	567.073	0.0170978	587.148	0.0161599	0.138839	578.709	0.00503833	0.00495055
903	567.073	0.0170978	587.208	0.0161535	0.138438	578.813	0.00503162	0.00494384
904	567.073	0.0170978	587.27	0.0161471	0.138038	578.917	0.00502491	0.00493714
905	567.073	0.0170978	587.331	0.0161408	0.137638	579.022	0.0050182	0.00493043
906	567.073	0.0170978	587.392	0.0161344	0.137237	579.127	0.0050115	0.00492372
907	567.073	0.0170978	587.454	0.0161279	0.136837	579.233	0.00500479	0.00491702
908	567.073	0.0170978	587.516	0.0161215	0.136436	579.339	0.00499809	0.00491031
909	567.073	0.0170978	587.578	0.0161151	0.136036	579.445	0.00499138	0.0049036
910	567.073	0.0170978	587.64	0.0161086	0.135636	579.552	0.00498468	0.0048969
911	567.073	0.0170978	587.703	0.0161022	0.135235	579.659	0.00497797	0.00489019
912	567.073	0.0170978	587.766	0.0160957	0.134835	579.767	0.00497127	0.00488348
913	567.073	0.0170978	587.829	0.0160892	0.134434	579.879	0.00496444	0.00487678
914	567.073	0.0170978	587.892	0.0160827	0.134034	579.987	0.00495774	0.00487007
915	567.073	0.0170978	587.956	0.0160762	0.133634	580.096	0.00495103	0.00486336
916	567.073	0.0170978	588.02	0.0160696	0.133233	580.206	0.00494433	0.00485666
917	567.073	0.0170978	588.084	0.0160631	0.132833	580.315	0.00493762	0.00484995
918	567.073	0.0170978	588.148	0.0160565	0.132432	580.425	0.00493091	0.00484324
919	567.073	0.0170978	588.212	0.01605	0.132032	580.536	0.00492421	0.00483654
920	567.073	0.0170978	588.277	0.0160434	0.131632	580.647	0.0049175	0.00482983
921	567.073	0.0170978	588.342	0.0160368	0.131231	580.758	0.0049108	0.00482312
922	567.073	0.0170978	588.407	0.0160302	0.130831	580.87	0.00490409	0.00481642
923	567.073	0.0170978	588.473	0.0160236	0.13043	580.982	0.00489738	0.00480971
924	567.073	0.0170978	588.538	0.0160169	0.13003	581.094	0.00489075	0.004803
925	567.073	0.0170978	588.604	0.0160103	0.12963	581.207	0.00488404	0.0047963
926	567.073	0.0170978	588.67	0.0160036	0.129229	581.32	0.00487734	0.00478959
927	567.073	0.0170978	588.737	0.0159969	0.128829	581.434	0.00487063	0.00478288
928	567.073	0.0170978	588.803	0.0159902	0.128428	581.548	0.00486393	0.00477618
929	567.073	0.0170978	588.87	0.0159835	0.128028	581.663	0.00485722	0.00476947
930	567.073	0.0170978	588.938	0.0159768	0.127628	581.778	0.00485052	0.00476276
931	567.073	0.0170978	589.005	0.0159701	0.127227	581.893	0.00484381	0.00475606
932	567.073	0.0170978	589.073	0.0159633	0.126827	582.009	0.00483711	0.00474935
933	567.073	0.0170978	589.141	0.0159566	0.126426	582.126	0.0048304	0.00474264
934	567.073	0.0170978	589.209	0.0159498	0.126026	582.242	0.0048237	0.00473594
935	567.073	0.0170978	589.277	0.015943	0.125626	582.359	0.00481699	0.00472923
936	567.073	0.0170978	589.346	0.0159362	0.125225	582.477	0.00481029	0.00472252
937	567.073	0.0170978	589.415	0.0159294	0.124825	582.595	0.00480358	0.00471582
938	567.073	0.0170978	589.484	0.0159225	0.124424	582.713	0.00479688	0.00470911
939	567.073	0.0170978	589.554	0.0159157	0.124024	582.832	0.00479017	0.0047024
940	567.073	0.0170978	589.624	0.0159119	0.123624	582.951	0.00478347	0.0046957
941	567.073	0.0170978	589.694	0.0159057	0.123223	583.071	0.00477676	0.00468899
942	567.073	0.0170978	589.764	0.0158988	0.122823	583.191	0.00477006	0.00468228
943	567.073	0.0170978	589.835	0.0158919	0.122422	583.311	0.00476335	0.00467558
944	567.073	0.0170978	589.906	0.0158849	0.122022	583.432	0.00475665	0.00466887
945	567.073	0.0170978	589.977	0.015878	0.121622	583.553	0.00474994	0.00466216
946	567.073	0.0170978	590.048	0.015871	0.121221	583.675	0.00474324	0.00465546
947	567.073	0.0170978	590.12	0.0158641	0.120821	583.797	0.00473653	0.00464875
948	567.073	0.0170978	590.192	0.0158571	0.12042	583.919	0.00472983	0.00464204
949	567.073	0.0170978	590.264	0.0158501	0.12002	584.042	0.00472312	0.00463534
950	567.073	0.0170978	590.337	0.0158431	0.11962	584.166	0.00471642	0.00462863
951	567.073	0.0170978	590.41	0.015836	0.119219	584.289	0.00470971	0.00462192
952	567.073	0.0170978	590.483	0.015829	0.118819	584.413	0.00470301	0.00461522
953	567.073	0.0170978	590.556	0.0158219	0.118418	584.538	0.0046963	0.00460851
954	567.073	0.0170978	590.63	0.0158148	0.118018	584.663	0.0046896	0.0046018
955	567.073	0.0170978	590.704	0.0158077	0.117618	584.788	0.0046829	0.0045951
956	567.073	0.0170978	590.779	0.0158006	0.117217	584.914	0.00467619	0.00458839
957	567.073	0.0170978	590.853	0.0157935	0.116817	585.04	0.00466949	0.00458168
958	567.073	0.0170978	590.928	0.0157863	0.116416	585.167	0.00466278	0.00457497
959	567.073	0.0170978	591.004	0.0157792	0.116016	585.294	0.00465608	0.00456827
960	567.073	0.0170978	591.079	0.015772	0.115616	585.421	0.00464937	0.00456156
961	567.073	0.0170978	591.155	0.0157648	0.115215	585.549	0.00464267	0.00455485
962	567.073	0.0170978	591.231	0.0157576	0.114815	585.677	0.00463596	0.00454815
963	567.073	0.0170978	591.308	0.0157503	0.114414	585.806	0.00462926	0.00454144
964	567.073	0.0170978	591.385	0.0157431	0.114014	585.935	0.00462255	0.00453473
965	567.073	0.0170978	591.462	0.0157358	0.113614	586.065	0.00461585	0.00452803
966	567.073	0.0170978	591.539	0.0157285	0.113213	586.195	0.00460914	0.00452132
967	567.073	0.0170978	591.617	0.0157212	0.112813	586.325	0.00460244	0.00451461
968	567.073	0.0170978	591.695	0.0157139	0.112412	586.456	0.00459573	0.00450791
969	567.073	0.0170978	591.774	0.0157065	0.112012	586.587	0.00458903	0.0045012
970	567.073	0.0170978	591.853	0.0156992	0.111612	586.718	0.00458232	0.00449449
971	567.073	0.0170978	591.932	0.0156918	0.111211	586.85	0.00457562	0.00448779
972	567.073	0.0170978	592.011	0.0156844	0.110811	586.983	0.00456892	0.00448108
973	567.073	0.0170978	592.091	0.015677	0.11041	587.116	0.00456221	0.00447437
974	567.073	0.0170978	592.171	0.0156696	0.11001	587.249	0.00455551	0.00446767
975	567.073	0.0170978	592.252	0.0156621	0.10961	587.383	0.0045488	0.00446096
976	567.073	0.0170978	592.333	0.0156546	0.109209	587.517	0.0045421	0.00445425
977	567.073	0.0170978	592.414	0.0156471	0.108809	587.651	0.00453539	0.00444755
978	567.073	0.0170978	592.495	0.0156396	0.108408	587.786	0.00452869	0.00444084
979	567.073	0.0170978	592.577	0.0156321	0.108008	587.921	0.00452198	0.00443413
980	567.073	0.0170978	592.66	0.0156245	0.107608	588.057	0.00451528	0.00442743
981	567.073	0.0170978	592.742	0.015617	0.107207	588.193	0.00450858	0.00442072
982	567.073	0.0170978	592.825	0.0156094	0.106807	588.33	0.00450187	0.00441401
983	567.073	0.0170978	592.909	0.0156018	0.106406	588.467	0.00449517	0.00440731
984	567.073	0.0170978	592.992	0.0155941	0.106006	588.604	0.00448846	0.0044006
985	567.073	0.0170978	593.076	0.0155865	0.105606	588.742	0.00448176	0.00439389
986	567.073	0.0170978	593.161	0.0155788	0.105205	588.88	0.00447506	0.00438719
987	567.073	0.0170978	593.246	0.0155711	0.104805	589.019	0.00446835	0.00438048
988	567.073	0.0170978	593.331	0.0155634	0.104404	589.158	0.00446165	0.00437377
989	567.073	0.0170978	593.417	0.0155557	0.104004	589.298	0.00445494	0.00436707
990	567.073	0.0170978	593.503	0.0155479	0.103604	589.438	0.00444824	0.00436036
991	567.073	0.0170978	593.589	0.0155402	0.103203	589.578	0.00444154	0.00435365
992	567.073	0.0170978	593.676	0.0155324	0.102803	589.719	0.00443484	0.00434695
993	567.073	0.0170978	593.763	0.0155245	0.102402	589.86	0.00442813	0.00434024
994	567.073	0.0170978	593.85	0.0155167	0.102002	590.002	0.00442143	0.00433353
995	567.073	0.0170978	593.938	0.0155088	0.101602	590.144	0.00441473	0.00432683
996	567.073	0.0170978	594.027	0.015501	0.101201	590.286	0.00440803	0.00432012
997	567.073	0.0170978	594.115	0.0154931	0.100801	590.429	0.00440133	0.00431341
998	567.073	0.0170978	594.205	0.0154851	0.1004	590.931	0.00439463	0.00430671
999	567.073	0.0170978	594.294	0.0154772	0.1	593.69	0.00438794	0.0043

